1557
87
70
50
70
72
55
53
59
49
51
55
52
58
64
56
73
59
55
65
50
52
54
64
52
53
49
67
52
52
55
73
68
64
69
53
50
56
57
59
53
65
63
50
82
62
61
51
50
50
54
51
75
53
72
52
61
50
48
62
49
47
48
47
55
40
37
61
48
58
52
50
51
52
51
56
58
53
57
52
54
86
52
125
52
68
51
66
51
58
53
61
53
53
52
66
51
48
48
60
62
65
53
55
71
51
48
46
47
45
45
45
40
36
38
37
51
36
46
48
48
46
62
45
45
40
104
48
48
37
52
37
38
36
51
36
53
33
51
38
35
51
39
40
57
41
38
42
39
37
48
38
57
36
53
36
53
48
63
36
37
36
35
37
49
37
47
38
49
51
50
34
50
77
55
54
52
45
44
62
39
38
43
44
48
45
44
42
43
39
37
38
38
52
38
52
52
36
39
50
51
37
39
50
50
37
50
36
51
48
35
51
49
39
37
36
53
48
59
59
51
49
131
47
70
63
47
122
47
47
48
220
57
50
50
54
53
46
63
51
37
53
36
53
54
52
52
63
48
46
60
56
52
97
37
52
38
37
62
63
47
48
48
49
38
48
46
45
62
38
91
53
72
74
56
46
61
68
49
37
52
66
50
53
53
52
49
52
53
54
41
52
53
53
51
52
38
52
55
49
53
52
53
50
51
52
50
54
56
54
53
72
58
60
63
59
62
55
70
57
61
51
69
54
51
54
57
50
52
49
66
67
51
52
50
52
53
50
51
50
49
66
48
79
72
70
74
54
49
52
52
67
54
52
52
52
55
59
52
54
54
50
51
49
52
52
52
53
54
52
51
51
69
50
50
80
63
57
60
70
60
140
71
62
53
55
56
57
53
52
51
53
67
52
47
50
51
67
62
55
80
97
69
73
70
49
56
51
54
68
59
53
55
49
52
60
53
49
52
45
51
49
52
50
46
53
54
48
52
54
53
48
53
53
52
48
53
52
63
53
56
53
58
55
75
57
61
53
53
52
67
53
97
93
87
66
59
54
54
70
70
70
70
54
54
50
67
55
53
53
61
51
46
54
54
49
62
51
82
98
85
85
80
97
97
85
89
74
78
68
70
80
110
123
90
88
90
71
107
66
77
92
82
70
115
68
91
70
126
69
72
72
71
72
91
68
90
72
73
72
91
89
88
117
76
73
73
79
72
70
72
72
85
63
64
75
59
67
52
53
70
65
54
61
52
63
63
50
44
43
49
50
62
50
50
45
47
76
74
72
73
71
56
76
69
68
52
64
69
62
59
58
71
57
54
54
54
51
54
51
68
51
53
50
65
51
53
47
53
53
68
66
58
59
65
50
55
47
45
47
49
61
53
55
53
55
49
47
60
46
54
46
52
46
47
47
46
48
49
50
47
56
64
57
45
47
46
76
60
81
58
67
69
54
56
105
65
55
54
52
67
52
64
61
52
52
52
55
70
77
53
54
53
55
93
84
59
58
55
60
83
59
56
60
66
52
64
48
49
61
47
47
48
55
50
48
46
69
48
46
47
55
49
56
67
48
48
54
48
47
47
54
57
53
48
44
68
60
71
69
48
61
46
51
56
47
49
48
46
47
48
54
51
63
52
49
52
47
49
52
46
52
56
57
69
54
69
74
96
62
57
54
55
55
79
71
72
72
54
53
66
73
53
81
60
55
72
50
56
54
51
58
55
58
90
78
65
79
63
50
67
69
57
100
75
52
51
79
62
67
122
63
97
68
87
76
53
55
69
66
95
70
81
54
79
55
48
74
64
43
47
69
77
79
72
52
66
68
62
55
52
46
42
50
42
102
74
67
106
54
70
53
72
50
46
59
43
58
49
43
54
63
54
60
57
55
70
56
77
54
67
88
73
69
66
47
65
49
49
64
52
53
73
48
48
73
62
47
47
46
51
69
75
55
109
83
70
92
55
49
46
44
51
54
79
69
56
58
53
48
66
75
46
57
66
56
43
60
74
58
84
65
91
81
44
71
44
57
52
82
104
64
47
75
46
57
53
43
54
77
44
46
53
50
83
66
90
75
87
52
51
51
61
62
62
58
46
64
65
65
44
57
57
52
51
65
52
91
84
169
107
86
67
83
50
51
51
48
88
74
54
44
43
65
67
55
55
93
103
117
74
88
65
88
74
87
69
78
95
93
87
77
66
72
60
67
58
69
98
72
71
76
80
61
59
74
71
57
68
65
41
79
74
69
69
84
65
70
94
100
82
90
76
65
56
59
66
66
47
66
58
59
78
69
58
50
70
54
69
80
73
93
82
79
57
75
72
74
119
80
63
63
78
67
66
67
59
66
66
64
52
96
77
83
87
79
72
67
81
69
72
67
67
70
66
67
63
51
69
66
43
52
83
79
95
8085
71
90
87
82
73
68
67
63
79
76
78
68
56
56
65
87
67
70
84
71
64
57
54
68
68
66
85
66
76
72
62
55
74
63
42
93
86
58
98
73
81
59
70
71
67
66
52
78
43
52
52
64
51
65
87
59
87
89
74
72
55
62
62
87
63
61
72
77
62
67
80
75
66
87
97
79
94
85
107
63
67
85
85
82
71
74
59
69
62
112
83
71
92
78
85
69
74
68
69
62
63
68
69
77
62
88
106
100
103
101
104
98
116
104
85
84
69
106
78
83
56
116
104
85
102
63
79
70
68
72
143
87
77
91
76
78
62
80
79
78
100
103
79
76
68
72
73
63
79
65
67
63
52
64
64
93
84
76
70
82
72
78
66
69
49
65
48
62
66
72
50
74
142
86
69
61
60
62
62
96
80
60
52
77
104
159
134
83
277
451
165
114
99
67
182
66
191
158
136
61
60
60
123
66
47
50
70
46
66
60
70
69
63
172
104
92
105
77
110
60
89
68
73
75
57
61
62
61
11900
60
76
62
75
55
122
66
64
59
61
51
70
73
69
67
55
67
66
77
73
69
54
61
49
48
60
50
73
56
54
174
73
90
87
82
68
54
62
47
54
246
102
77
59
56
76
80
83
74
53
56
56
56
60
56
56
54
66
55
64
86
61
59
72
57
54
65
59
56
59
42
50
50
62
64
80
68
83
108
74
89
64
62
75
74
69
58
58
86
75
75
67
67
53
72
55
60
58
89
81
136
127
105
60
60
60
74
73
74
67
62
76
98
62
178
115
75
71
88
62
78
73
71
70
52
51
50
49
92
87
72
84
73
64
62
64
63
77
76
77
73
68
73
80
71
59
72
64
66
49
68
76
50
51
51
107
93
94
89
73
70
63
55
58
57
56
55
44
56
63
111
79
77
69
67
64
57
64
95
79
72
79
96
62
69
67
56
50
71
56
42
47
55
69
46
55
58
62
113
70
70
94
67
48
60
51
88
71
81
76
112
60
53
75
58
75
72
45
69
62
47
54
55
56
112
93
109
92
61
85
87
62
62
62
60
66
116
102
78
91
53
61
114
54
63
52
65
62
62
86
80
79
92
74
61
62
67
49
66
60
63
118
78
106
78
73
70
60
60
121
79
93
71
88
68
78
57
80
72
53
65
65
58
56
65
105
79
93
93
61
85
62
62
86
58
65
66
63
88
102
91
77
63
77
61
88
112
75
74
99
94
65
62
63
73
62
91
98
70
81
95
78
94
96
78
61
71
65
72
66
74
64
83
82
82
61
77
79
73
55
54
61
48
67
83
78
78
80
74
78
68
62
62
52
81
62
87
94
155
106
90
86
128
98
87
75
63
74
75
73
118
55
66
50
51
88
76
105
73
72
66
74
59
57
60
50
49
63
49
95
71
90
69
62
68
63
76
92
62
90
101
95
91
77
69
89
92
78
61
66
91
110
78
80
74
77
56
63
116
87
72
61
98
99
95
60
61
75
83
58
73
66
52
90
78
107
90
78
82
79
67
91
68
96
89
104
93
77
78
62
74
58
81
70
69
88
143
367
110
99
195
75
79
99
163
330
154
83
82
115
79
75
98
99
112
116
105
97
101
115
79
78
62
121
132
89
135
103
90
12749
63
63
110
59
79
67
49
124
65
86
49
59
43
73
49
47
49
61
76
66
90
71
48
115
73
74
63
50
62
44
70
49
75
73
78
88
113
63
62
82
81
79
88
95
64
94
85
77
79
62
60
101
74
90
110
62
75
59
74
48
74
66
63
46
49
64
47
49
62
44
74
63
47
50
50
86
47
64
47
49
48
59
49
66
72
43
44
74
46
59
62
91
76
63
74
76
62
48
51
49
61
61
73
74
62
45
57
47
64
38
55
111
52
48
49
50
48
76
44
69
74
88
67
49
48
65
50
88
49
106
101
48
73
81
191
58
63
56
49
68
86
65
48
65
48
71
60
58
81
94
100
112
104
85
112
93
104
123
85
100
87
70
89
88
68
91
113
107
74
60
48
87
106
79
91
67
66
44
61
69
49
48
49
66
84
62
62
49
50
68
79
48
48
75
58
64
73
48
76
84
96
74
74
59
84
64
90
104
68
62
89
137
87
73
74
56
58
48
49
145
74
49
74
67
50
63
48
74
73
75
67
64
120
81
74
87
50
71
77
74
48
72
74
96
86
94
97
71
73
48
108
109
98
59
83
12252
135
672
103
108
112
116
171
190
139
151
73
109
85
160
79
198
1512
67
98
97
101
128
116
218
77
101
172
98
88
91
73
68
73
73
46
70
77
158
157
137
60
75
88
48
48
65
141
139
106
91
67
96
106
78
81
281
151
76
100
99
126
83
73
68
80
83
80
89
75
107
94
100
135
108
96
91
93
116
113
131
123
127
120
145
143
113
144
102
118
86
126
124
127
127
144
113
115
109
108
98
194
110
73
76
81
82
80
58
76
51
105
67
67
78
74
57
56
62
64
100
73
108
107
82
80
107
102
132
120
100
108
100
95
176
140
104
101
99
97
80
99
586
157
69
78
49
48
64
82
176
69
95
159
118
70
187
136
60
95
60
2614
76
50
73
62
157
106
77
115
70
81
96
130
130
68
112
87
186
62
116
111
110
174
112
367
93
198
220
106
125
112
166
95
115
121
81
91
137
87
128
115
82
94
77
89
426
75
7106
75
75
59
73
71
52
67
103
66
80
115
90
66
61
130
101
127
120
85
101
102
108
75
97
87
96
104
114
150
207
97
119
109
110
131
132
322
136
190
137
125
575
129
143
105
100
107
90
75
64
123
127
111
221
80
122
129
161
179
56
74
132
199
85
96
126
106
107
104
120
220
135
99
79
74
78
124
99
96
88
160
87
100
86
73
70
65
208
152
112
104
67
117
88
78
104
133
116
115
110
100
121
118
136
121
2267
95
68
118
147
101
85
74
48
66
66
82
83
111
65
78
95
66
52
75
85
161
77
133
114
53
56
49
48
97
120
514
105
203
121
49
74
75
95
102
68
101
91
157
101
99
93
85
182
136
831
118
125
150
97
48
47
128
76
136
219
141
305
131
118
95
125
164
118
107
117
122
168
50
53
174
72
123
236
104
55
75
75
131
128
67
96
109
106
115
75
123
138
113
107
120
136
133
53
126
85
102
117
107
65
216
107
162
88
116
125
103
61
65
62
74
70
131
83
87
63
49
50
151
110
182
85
48
62
73
45
68
57
47
63
68
69
96
82
105
60
67
63
150
86
99
100
88
132
122
58
96
94
48
80
72
72
70
84
74
75
74
95
110
73
115
188
158
103
212
97
128
158
165
102
103
182
77
114
94
66
57
67
68
180
104
114
145
133
113
67
115
147
92
122
187
90
203
381
151
194
135
432
118
85
77
87
89
76
125
195
148
157
180
113
70
332
117
178
101
132
75
103
65
73
96
111
107
109
83
81
80
119
142
96
81
73
75
57
141
148
99
120
79
141
121
86
81
46
73
81
122
145
91
92
64
86
85
83
134
100
109
80
77
1453
101
96
77
88
123
87
147
155
119
110
67
89
87
152
112
141
125
101
82
75
137
176
70
142
219
97
141
110
154
115
213
135
120
140
132
195
89
46
95
102
130
85
66
170
66
412
101
160
98
75
75
85
84
106
49
77
69
81
74
92
86
87
85
71
77
138
64
74
72
74
72
74
73
142
141
87
119
113
99
95
92
75
91
77
84
74
76
141
87
112
65
99
71
96
75
74
71
67
54
86
90
178
78
74
90
59
57
75
72
70
69
68
65
63
99
71
80
84
74
76
79
78
73
72
73
109
80
68
66
74
70
67
66
74
72
71
89
70
99
84
68
94
78
108
76
81
81
70
70
45
81
74
73
71
43
46
53
61
75
74
93
76
63
62
59
75
73
44
47
68
69
73
69
74
74
68
73
69
109
76
75
86
62
64
87
75
73
73
48
59
108
75
193
115
73
74
70
71
74
73
73
70
86
130
164
141
93
89
136
93
94
84
92
93
83
89
61
118
91
69
92
65
84
57
88
105
84
99
96
76
93
85
85
86
84
81
78
89
92
90
93
79
57
52
85
91
90
92
84
75
104
68
98
88
82
83
78
92
87
86
60
80
86
62
100
93
90
82
85
85
85
86
99
93
87
86
84
88
88
83
86
80
77
75
108
87
83
105
74
73
277
87
123
86
68
71
56
73
72
90
263
57
60
153
226
118
75
109
160
158
133
76
77
91
103
85
48
75
68
135
76
73
74
68
74
73
142
75
74
74
74
74
49
85
84
219
74
74
84
76
73
72
77
50
44
81
74
128
88
147
120
139
87
62
74
72
46
78
72
73
73
69
80
81
75
72
74
72
70
47
77
73
92
47
69
42
61
74
73
72
47
43
65
76
73
73
48
44
48
77
73
73
71
73
73
61
75
73
73
68
71
175
75
74
71
69
65
65
101
75
74
73
70
46
90
81
75
72
63
82
66
81
74
49
47
69
67
81
78
48
48
47
68
91
80
93
75
73
70
66
72
74
73
71
70
84
84
158
74
73
44
45
90
81
78
73
70
74
160
74
73
74
68
66
73
80
79
55
74
67
63
68
79
82
46
69
43
64
80
77
74
75
71
73
78
74
75
71
70
81
79
79
75
67
68
80
78
78
73
65
44
61
67
77
82
74
44
67
67
78
72
74
68
42
67
75
84
74
72
74
68
78
54
73
68
67
74
74
75
74
47
71
108
81
81
72
68
47
76
77
75
72
65
73
93
79
50
73
47
83
68
74
72
83
64
40
41
83
80
77
77
44
43
83
78
75
47
67
50
84
79
50
74
43
107
83
78
79
48
73
74
88
83
79
75
74
48
67
81
77
47
48
44
105
91
79
71
48
67
85
79
73
68
63
42
85
78
78
72
64
90
85
72
73
83
73
92
74
75
72
74
40
92
78
70
69
74
60
65
75
71
70
61
39
38
68
78
67
65
44
67
66
59
79
77
76
65
81
74
67
66
78
54
56
84
71
70
72
65
65
90
83
74
65
65
42
40
84
72
70
68
59
65
76
68
66
62
38
41
43
86
56
67
67
64
83
69
67
72
60
57
74
84
71
72
43
45
38
76
71
48
63
129
66
92
92
70
63
55
40
39
76
70
71
82
75
65
85
76
68
65
79
67
76
81
46
48
65
43
41
75
73
66
65
63
57
74
80
72
67
42
39
74
72
43
64
61
79
93
299
65
45
44
66
57
71
66
69
40
64
72
71
46
64
66
68
43
74
65
43
44
69
85
70
52
48
67
74
115
227
113
77
116
181
73
80
90
87
161
488
78
79
51
51
76
85
87
92
90
87
86
81
119
76
84
91
79
90
88
87
83
89
78
83
83
80
79
74
87
82
83
65
82
84
78
91
83
83
78
103
74
92
97
88
77
75
81
88
90
83
79
85
107
98
64
98
99
78
92
83
91
85
87
82
91
88
87
98
63
92
91
91
89
88
64
74
125
107
90
78
83
112
88
97
95
83
92
98
99
49
101
93
100
98
101
73
96
88
100
99
95
91
68
85
100
93
90
82
86
100
99
95
93
70
76
89
61
93
89
98
76
90
88
86
93
96
78
91
91
67
81
64
76
100
88
85
96
70
84
90
88
85
65
91
90
88
66
89
90
91
94
97
95
84
109
88
76
85
83
82
106
78
81
81
76
85
131
106
66
58
67
69
79
65
41
41
43
68
67
42
43
41
42
59
67
67
64
63
61
62
86
66
68
60
58
58
66
66
43
63
55
58
67
69
68
66
67
60
67
43
42
64
39
58
68
67
44
66
69
67
68
79
62
60
92
67
44
70
67
67
59
67
65
64
60
59
59
67
67
63
60
81
74
66
66
66
64
73
69
68
68
37
70
66
66
43
65
63
101
63
76
169
78
62
66
68
43
62
77
74
68
67
89
38
55
85
75
66
45
58
75
67
66
44
62
61
67
69
64
67
66
66
63
66
113
64
63
66
62
68
68
66
59
74
66
67
43
54
56
74
66
68
41
64
61
63
67
72
67
67
81
67
66
79
43
41
79
69
67
66
62
68
77
67
65
43
60
92
66
67
73
48
61
68
67
67
72
67
102
73
67
65
61
82
67
67
65
62
38
66
66
66
67
85
78
73
66
68
63
59
65
66
69
68
83
65
66
66
64
62
63
71
67
66
66
40
37
64
66
67
66
60
77
69
67
66
60
74
66
66
81
60
71
71
69
66
67
64
60
65
66
43
66
65
72
67
66
64
43
64
65
118
66
41
42
81
75
67
72
64
153
95
89
88
107
94
103
95
94
91
59
93
85
76
154
93
121
135
78
77
80
98
96
87
83
85
88
84
492
74
70
83
79
54
74
86
91
89
54
75
83
71
82
80
79
73
99
90
80
84
79
75
79
84
80
80
73
78
88
77
74
73
85
76
91
86
53
84
83
76
77
71
56
73
88
79
78
71
80
83
76
78
76
135
139
77
75
139
80
87
91
151
53
74
104
70
311
326
118
74
74
142
78
221
84
109
67
77
443
62
87
45
67
89
79
111
73
74
73
187
133
75
148
75
76
74
127
73
63
150
67
65
80
78
55
65
65
67
62
62
56
67
65
66
44
52
67
66
93
43
54
49
44
43
84
44
44
67
81
325
52
62
167
160
102
82
50
62
80
62
50
60
112
63
101
67
76
47
61
49
73
62
57
63
50
66
109
90
84
72
63
62
48
57
62
72
62
74
65
47
98
60
72
86
47
65
48
62
65
65
79
48
48
64
48
48
50
194
118
47
178
116
135
114
141
121
88
98
112
49
64
67
125
51
151
153
64
86
48
129
204
72
75
70
152
72
141
133
130
101
97
92
70
103
103
88
85
86
101
85
84
82
81
101
86
61
62
105
91
83
75
82
101
94
92
85
85
101
92
87
60
117
202
189
89
86
102
92
89
103
92
87
81
85
86
81
86
84
58
89
84
83
62
81
81
87
84
60
83
80
87
83
88
86
85
84
58
81
82
88
88
83
88
87
86
88
62
90
64
86
85
85
80
94
94
88
86
86
84
83
58
87
92
90
91
87
86
86
85
66
81
93
92
91
77
114
86
100
92
77
102
91
90
102
100
100
93
67
103
99
67
88
91
142
93
92
91
146
91
85
83
80
88
84
59
85
101
92
66
67
83
99
85
59
60
75
140
87
84
58
100
98
88
86
99
90
59
129
59
99
132
83
75
81
102
88
85
73
57
103
88
58
52
71
79
90
84
80
118
89
89
78
93
79
77
78
73
104
77
78
76
53
72
78
78
55
76
90
77
75
81
78
100
88
77
128
70
85
55
81
54
90
81
82
54
67
102
76
53
74
81
90
81
68
54
93
85
78
82
72
72
83
78
66
93
90
83
76
75
74
106
83
83
89
50
73
83
77
56
78
89
127
88
58
60
79
86
87
76
76
100
94
100
134
90
56
80
79
134
81
78
79
76
81
86
83
84
80
80
88
90
148
89
90
89
79
77
77
89
83
84
80
77
83
82
85
94
91
84
83
80
84
93
87
81
81
88
94
89
79
82
87
89
83
86
107
94
89
81
85
78
95
83
83
83
82
89
82
82
78
183
79
95
2427
140
168
159
132
100
92
51
152
143
122
95
85
91
94
73
99
145
73
71
86
67
73
162
115
68
70
78
69
66
44
64
64
69
72
65
42
62
69
66
41
65
61
68
66
130
77
52
66
68
5248
65
133
68
66
65
42
74
67
67
41
71
65
67
67
38
290
77
85
78
114
66
74
55
78
73
72
66
63
67
67
66
65
76
68
68
64
44
54
67
66
64
69
72
65
72
65
92
70
64
73
66
74
66
64
62
74
67
67
41
66
66
65
67
57
66
67
64
64
51
67
65
65
55
66
65
77
62
51
65
65
63
52
67
65
65
40
78
123
73
56
65
121
111
111
116
105
108
126
96
74
72
137
72
104
74
1169
105
73
73
66
74
65
72
72
66
65
66
127
93
66
66
63
132
90
69
65
66
67
67
43
44
59
67
44
65
67
66
65
65
68
121
132
100
78
160
134
87
81
106
79
93
151
110
90
66
69
76
75
86
208
147
114
130
68
97
64
166
250
122
73
91
77
66
97
94
75
71
69
102
74
65
82
110
66
67
71
73
67
73
73
77
73
50
70
65
73
116
71
86
73
72
72
64
74
72
151
164
148
71
101
74
74
124
127
83
74
86
100
73
49
171
117
84
85
199
115
66
64
62
74
113
72
74
115
73
105
431
113
66
53
72
62
67
78
67
140
75
66
64
133
102
64
68
74
66
66
41
39
162
48
60
86
68
67
77
74
68
66
67
63
85
104
88
73
77
66
71
74
75
70
72
73
69
64
67
66
65
67
66
65
89
68
49
68
65
90
67
67
65
71
68
66
67
69
75
81
64
42
84
69
64
64
79
72
63
69
167
66
68
47
74
74
66
65
60
59
67
68
67
75
66
66
63
64
60
67
65
64
94
74
87
160
164
158
178
126
158
238
223
515
92
156
85
108
91
212
110
89
218
106
136
194
251
176
98
194
112
98
115
125
84
82
176
217
201
297
328
86
76
91
124
90
85
91
90
80
111
84
129
93
56
71
90
82
75
82
91
83
83
81
152
145
507
80
92
85
83
83
52
188
84
85
66
90
85
80
54
91
83
79
76
70
85
82
77
79
91
88
89
56
90
81
76
55
71
91
78
78
79
83
81
77
78
122
103
90
77
76
91
77
94
104
77
92
99
96
158
90
95
89
88
79
73
84
77
77
81
71
83
81
53
71
85
77
79
74
89
78
54
84
84
77
77
85
84
80
53
82
72
82
80
75
79
82
76
77
82
84
87
71
72
79
77
78
170
101
91
85
84
81
92
106
84
91
119
149
144
81
191
79
61
65
60
69
69
76
64
68
67
42
70
67
65
66
68
85
66
66
77
65
80
64
60
66
67
64
62
57
68
67
62
59
94
58
67
58
68
65
67
62
66
66
67
64
69
64
64
63
74
68
66
65
71
67
66
67
66
65
342
136
246
78
137
128
142
154
58
86
69
65
66
66
79
72
50
66
49
61
73
72
103
53
66
67
67
60
67
67
59
63
67
43
43
63
60
67
43
65
66
64
65
59
66
44
64
59
68
79
65
59
66
119
65
64
53
53
66
66
207
190
105
66
80
74
73
76
67
75
98
103
83
135
160
65
74
81
68
84
77
65
74
73
48
133
135
92
79
72
48
85
127
74
49
73
55
73
78
45
74
83
74
145
74
129
65
100
68
67
63
73
66
65
63
127
65
78
67
50
66
66
145
62
53
84
58
67
43
67
58
67
67
66
58
68
69
64
59
67
66
66
62
51
66
62
58
66
66
78
65
66
44
72
60
66
66
68
58
67
65
65
59
66
66
64
72
66
65
64
63
50
68
68
66
157
1324
113
86
114
99
147
98
85
210
150
112
118
121
74
72
89
66
115
67
69
65
64
43
70
66
64
62
70
70
67
66
71
67
66
65
71
67
68
65
54
66
65
66
158
67
64
68
93
86
65
67
70
529
66
64
74
67
65
53
67
64
63
53
67
66
64
69
66
69
67
71
73
66
71
84
73
67
66
60
66
66
64
76
67
43
64
57
67
67
61
48
66
65
51
84
64
65
62
70
67
63
61
82
67
65
67
71
66
65
62
69
65
67
67
100
167
43
69
77
159
96
131
230
168
99
77
89
98
91
250
89
236
401
89
82
89
86
93
168
93
125
131
133
165
83
83
137
155
85
89
75
151
95
106
84
79
77
82
76
71
84
81
73
83
77
75
87
161
66
99
353
88
87
82
81
78
114
78
79
87
173
79
77
74
100
80
76
120
76
80
80
77
90
3885
140
76
99
83
74
73
84
79
77
71
84
77
78
72
91
91
75
71
83
77
72
71
85
90
86
90
80
52
77
82
78
76
129
84
85
78
79
89
52
76
102
89
58
94
79
78
92
73
85
78
75
91
88
88
57
92
77
77
75
105
98
102
81
91
79
120
83
88
88
70
72
81
75
107
90
81
53
78
91
78
75
70
89
84
67
70
91
81
76
70
97
78
95
92
98
78
69
89
78
78
70
91
90
78
69
84
78
82
85
76
57
82
89
82
79
70
85
77
75
77
82
81
79
71
77
85
82
89
88
74
61
81
78
78
90
83
84
81
90
76
55
53
99
81
82
88
69
91
78
71
66
88
77
415
96
86
90
89
91
84
93
86
85
75
88
81
87
68
95
79
75
86
84
78
82
89
83
59
76
84
83
75
80
84
84
70
80
160
78
70
88
78
87
117
83
78
73
88
82
76
75
90
79
77
74
71
83
78
71
82
79
163
137
87
104
100
87
126
12027
86
184
92
76
77
80
91
88
78
80
76
76
75
79
77
78
74
80
73
72
80
78
74
70
91
96
79
89
80
76
72
87
83
86
80
112
76
71
76
95
77
81
4146
85
73
79
137
107
108
83
94
82
130
127
90
493
80
55
71
84
79
85
79
77
76
74
85
85
81
72
79
77
85
80
75
76
73
80
79
77
79
78
77
89
80
84
81
135
78
78
85
79
77
75
72
79
77
79
70
78
76
303
128
137
164
468
79
86
119
86
86
80
95
84
78
73
84
78
76
70
91
87
86
71
85
84
71
85
83
81
74
90
91
77
86
83
83
70
90
86
87
77
83
84
80
93
62
85
90
81
76
71
85
83
81
70
89
88
120
84
86
85
87
87
76
72
83
84
85
86
82
83
73
83
82
80
70
89
99
85
83
84
82
69
91
84
75
85
84
77
73
90
78
77
70
89
83
84
84
79
84
71
84
80
110
90
81
94
73
91
88
58
71
86
82
139
126
106
97
90
87
119
86
76
76
83
77
76
94
96
79
79
96
84
82
76
85
77
78
75
79
76
76
79
77
77
123
82
80
107
79
78
75
97
82
82
99
84
84
83
96
85
107
178
87
81
80
73
84
82
78
100
99
96
94
95
82
89
99
98
89
87
83
90
78
83
81
76
96
89
70
83
83
60
78
88
87
85
77
91
83
92
88
81
82
76
86
83
83
83
83
86
76
94
89
91
88
83
82
86
168
91
142
83
89
134
131
148
80
87
84
101
72
80
84
86
94
73
79
93
59
73
82
84
73
83
85
80
75
84
83
74
87
84
80
72
124
81
71
85
82
79
72
83
80
74
84
85
81
79
85
82
73
85
86
64
107
105
180
86
90
92
95
63
83
106
91
78
81
78
77
75
70
80
79
84
84
82
81
90
83
85
76
85
83
59
72
83
85
80
85
83
82
71
85
83
83
85
72
85
71
84
84
73
84
81
79
83
315
108
90
144
97
144
84
83
95
91
89
75
87
88
82
103
71
85
87
85
84
83
74
89
88
85
96
84
55
544
83
80
72
72
82
161
87
97
104
330
80
96
84
75
76
93
89
99
105
87
87
125
123
89
97
170
190
140
91
106
101
86
85
76
95
100
85
90
76
156
89
84
72
110
82
91
78
100
87
85
84
71
78
85
89
99
82
78
86
85
81
65
78
89
72
79
83
83
160
191
95
181
92
373
90
86
86
89
89
95
142
178
105
104
85
77
81
1492
80
91
58
88
87
90
55
71
80
77
77
73
85
82
80
86
83
74
72
84
84
82
84
96
77
88
82
82
159
103
129
82
69
92
80
83
96
79
77
53
92
82
81
104
78
65
110
79
77
94
94
84
82
92
83
108
95
84
84
60
94
85
82
94
91
142
104
83
82
60
79
76
75
92
92
75
95
79
77
57
135
87
77
71
79
80
71
79
70
72
79
79
85
84
83
59
73
100
90
141
79
87
101
68
66
57
77
76
71
67
77
64
65
67
66
59
67
66
61
66
67
64
55
61
67
77
66
43
83
65
68
74
12464
76
87
117
66
472
68
67
65
56
67
65
68
66
57
66
57
68
65
65
67
183
99
78
76
93
76
72
156
68
64
69
75
84
45
73
60
68
52
68
66
63
67
67
64
50
67
66
53
68
68
117
99
111
117
145
101
78
77
70
147
66
64
72
67
65
81
67
67
61
67
65
66
67
71
81
44
66
44
58
66
67
61
67
84
76
82
66
63
72
65
66
452
60
65
60
67
68
69
65
67
43
104
74
105
52
65
84
66
67
65
79
69
64
65
88
84
80
68
67
76
66
82
65
88
67
66
134
103
68
78
66
67
78
67
67
90
71
65
66
78
71
66
79
65
64
92
66
75
100
65
65
64
105
116
162
90
103
71
95
88
78
87
83
78
71
79
78
74
83
77
80
79
79
54
78
83
83
71
78
80
431
84
83
84
77
81
618
91
77
61
90
78
78
2697
83
84
70
84
81
74
79
78
76
83
133
91
85
86
115
87
80
81
90
78
79
91
78
85
102
87
78
92
83
77
90
89
82
99
82
76
94
91
306
161
79
80
72
91
87
84
93
81
87
91
88
77
150
507
76
93
82
84
166
186
92
92
74
80
70
83
77
75
90
83
80
68
83
77
69
89
78
70
90
57
74
82
68
95
78
79
74
90
78
77
106
85
79
90
90
136
79
75
77
70
88
71
74
78
78
74
92
85
75
254
199
259
157
174
105
85
82
93
97
93
116
65
94
86
82
97
90
91
98
85
83
60
95
90
62
105
74
84
94
81
95
91
81
82
94
89
89
140
55
78
76
84
78
78
77
69
60
93
70
98
63
80
77
84
66
79
75
61
80
83
66
89
105
93
88
96
72
94
115
96
93
90
78
90
92
77
488
89
141
86
93
136
84
84
82
76
86
82
75
91
91
75
84
83
232
96
97
105
90
78
107
79
77
96
84
75
97
86
77
95
79
74
78
80
101
114
78
75
79
83
98
102
79
80
79
97
88
78
107
84
78
168
95
135
96
80
76
121
94
86
98
86
76
134
94
99
90
89
79
84
186
83
79
92
53
81
85
81
85
79
78
89
95
78
83
80
77
81
84
82
78
95
81
76
79
78
77
81
77
74
84
84
564
79
77
96
81
80
146
168
145
148
79
79
481
66
66
61
67
72
67
63
65
513
65
43
58
66
66
59
91
80
74
68
65
78
67
44
72
68
65
77
67
66
76
66
65
62
67
67
70
133
133
62
66
95
112
74
59
73
177
83
78
73
158
68
88
86
74
63
148
68
62
122
67
67
86
65
52
72
73
65
73
66
53
148
65
53
66
70
78
66
66
86
74
58
53
68
82
144
75
117
44
62
79
75
65
69
66
65
70
73
81
57
72
74
72
220
88
74
65
80
67
66
91
66
66
171
132
68
101
74
87
67
64
70
64
67
72
72
65
78
62
73
134
194
98
67
66
80
67
67
68
67
67
76
72
63
57
66
65
57
68
43
58
66
66
61
68
68
61
67
59
69
67
66
71
67
65
75
66
66
97
67
67
64
67
67
72
66
66
115
68
74
214
265
166
67
116
68
486
76
68
67
77
65
68
68
67
66
76
67
149
76
72
69
86
68
65
101
67
66
63
68
44
60
67
65
73
69
65
81
63
67
110
59
116
74
68
81
67
66
169
84
76
94
105
80
92
78
75
93
78
75
93
81
64
93
83
79
93
95
105
95
85
103
93
86
108
80
76
106
89
78
93
87
91
94
77
79
158
93
172
117
77
85
134
89
110
90
108
92
76
75
83
88
80
74
88
85
83
77
110
106
77
75
83
76
76
93
87
76
83
75
77
94
88
77
82
75
83
94
84
98
91
576
96
80
81
100
96
112
66
64
95
65
64
89
72
206
75
79
77
66
86
60
66
71
64
69
62
74
66
64
62
92
88
127
82
96
104
87
88
104
80
79
91
80
79
106
87
399
116
222
111
88
84
104
83
77
92
94
73
102
91
83
119
87
144
91
79
131
93
61
87
80
78
78
78
78
79
84
80
74
78
78
75
83
79
103
83
79
105
80
77
114
99
205
122
99
173
565
541
80
85
79
80
79
83
79
79
87
79
142
93
79
78
77
81
77
78
82
79
100
97
90
80
78
94
80
77
84
81
79
90
78
79
186
10047
79
141
94
116
82
77
90
80
122
135
71
82
91
80
79
83
80
79
82
80
79
81
85
104
103
80
87
84
76
90
80
118
95
79
77
142
80
79
115
80
77
107
79
77
134
124
148
89
174
296
238
105
126
106
483
87
134
86
106
80
87
107
88
84
116
138
148
130
98
119
99
96
79
84
110
98
96
134
88
132
88
85
103
92
91
163
130
131
127
137
95
87
170
107
166
88
85
106
105
103
94
79
91
91
85
92
80
80
107
94
91
104
82
137
68
75
109
82
80
128
107
113
75
104
110
93
89
235
164
223
119
101
74
123
84
148
93
84
112
79
85
95
84
83
132
84
79
101
84
92
88
79
93
104
86
95
95
81
82
77
80
92
67
101
90
86
74
79
76
132
105
95
85
78
83
80
81
78
78
89
74
78
71
42
46
145
68
94
79
90
56
43
89
78
80
57
136
66
136
44
45
86
43
107
43
119
137
116
82
143
56
43
97
68
103
45
140
52
44
91
113
95
87
107
81
79
78
74
79
85
224
90
179
106
111
95
83
220
79
77
81
88
100
111
78
76
164
90
101
91
90
87
80
77
85
80
102
79
77
91
77
120
90
119
79
86
79
94
172
79
145
79
77
94
80
76
92
126
106
81
77
85
213
89
91
94
132
80
86
111
102
112
139
79
99
84
84
125
84
128
83
79
99
85
81
86
84
81
89
86
83
83
85
102
83
78
102
84
86
93
85
73
88
93
90
83
77
208
84
84
135
133
167
92
78
113
89
102
95
93
85
83
82
86
43
117
99
92
117
73
84
115
85
82
96
193
102
84
82
98
88
81
98
84
81
83
85
81
90
91
100
102
98
150
91
119
86
78
111
88
77
99
83
102
89
81
101
94
78
85
113
84
99
60
83
83
78
102
89
79
96
78
100
97
77
101
56
79
116
88
77
108
75
76
97
79
116
139
150
90
96
86
80
79
73
85
85
86
84
89
84
85
75
90
85
164
83
76
89
80
74
84
82
76
89
79
85
84
103
90
124
97
87
80
79
92
99
85
77
122
109
135
106
103
81
126
93
86
95
84
119
93
93
200
135
169
92
83
92
91
84
94
82
121
72
85
87
144
79
86
89
93
84
84
97
84
84
98
91
81
101
83
96
91
104
79
78
113
82
89
163
86
84
117
81
103
85
119
110
94
85
104
80
83
91
90
93
101
79
82
77
78
81
80
93
92
83
98
89
77
81
84
84
77
87
121
84
104
78
91
89
80
98
62
78
79
86
528
745
123
80
83
81
84
88
71
83
78
92
59
96
81
77
84
90
82
99
136
89
81
3677
88
92
537
79
86
94
94
105
86
126
102
118
109
78
77
201
66
72
73
67
60
64
74
60
67
67
109
65
68
67
86
67
65
125
59
97
85
483
68
68
66
66
55
117
189
169
73
88
107
112
185
420
136
141
135
89
67
76
68
102
105
68
78
73
136
75
70
91
66
62
94
69
44
73
66
99
66
66
85
59
88
103
77
142
113
142
92
607
90
149
67
143
135
72
86
61
102
68
77
198
73
249
89
111
81
79
119
81
78
91
78
100
80
78
95
80
114
79
78
137
150
135
81
92
88
118
96
92
231
80
151
180
153
90
136
67
122
546
147
96
100
107
95
149
96
141
90
166
91
83
137
105
125
67
118
132
146
138
92
138
71
94
153
85
108
91
115
106
101
96
104
104
93
104
94
107
107
90
99
89
103
94
91
87
94
91
103
107
100
93
79
123
321
85
141
78
105
104
80
123
87
126
87
124
73
147
88
85
111
86
102
86
104
91
84
167
161
100
112
84
88
149
90
117
138
89
85
71
141
131
112
96
89
107
2081
95
135
117
67
96
111
98
140
122
117
102
140
107
103
97
160
106
65
324
305
122
98
181
154
86
350
139
100
49
184
173
455
131
149
161
217
148
126
160
275
120
202
91
128
124
75
84
95
70
107
127
85
148
86
74
158
62
81
85
95
50
73
86
76
133
158
103
76
99
72
70
67
79
66
67
69
43
67
60
67
56
67
65
127
68
63
73
67
61
66
53
66
66
78
66
74
73
76
71
66
65
76
68
135
157
104
88
102
96
104
115
83
533
86
78
69
84
79
91
86
7451
79
78
77
79
104
79
121
79
79
90
70
81
54
78
71
84
84
73
78
74
82
79
161
101
87
109
98
84
78
88
80
106
79
79
91
78
75
79
79
90
79
77
91
79
105
90
77
109
140
82
75
78
67
64
67
98
66
67
86
74
125
288
94
73
67
71
71
77
74
71
68
120
146
74
514
486
88
72
69
117
91
48
76
67
93
67
71
112
49
82
96
103
67
65
79
72
68
73
67
128
69
100
75
65
138
68
105
71
65
69
66
76
66
66
70
67
90
67
99
74
66
95
60
65
78
68
87
67
66
111
88
96
67
89
91
75
89
68
44
165
208
92
163
177
275
161
176
183
132
194
120
139
114
150
157
174
138
176
145
136
74
73
108
75
120
50
88
74
207
71
248
93
71
85
108
89
73
64
75
67
76
144
127
75
74
73
64
74
83
74
109
85
73
93
80
90
72
122
75
105
74
73
80
73
127
108
116
73
101
86
85
85
74
86
68
99
73
221
67
67
72
66
77
65
66
77
67
75
67
43
76
67
89
66
66
76
92
65
67
67
111
83
119
77
76
68
66
72
66
69
67
65
73
67
72
68
65
71
68
419
67
66
102
71
70
68
64
68
67
71
67
67
71
67
71
67
66
69
66
115
241
152
133
92
67
67
155
67
167
67
65
73
68
87
66
67
71
66
89
66
72
78
75
121
114
132
70
68
87
68
146
66
102
67
66
94
68
134
75
72
134
161
81
64
86
66
67
74
67
82
67
66
73
67
91
66
68
75
67
73
83
77
66
67
72
123
78
65
67
72
68
86
65
66
74
67
105
87
236
66
72
148
68
82
66
95
67
66
75
67
95
75
43
78
67
101
68
43
81
68
92
67
66
76
66
109
74
66
78
67
90
68
67
75
67
298
75
108
49
127
249
188
152
148
104
95
77
168
44
66
90
66
102
68
66
90
67
102
68
116
67
74
90
66
105
124
219
134
74
100
86
162
97
137
68
109
145
123
69
67
95
85
102
134
114
67
44
91
67
121
67
110
68
73
354
67
92
76
140
4272
146
86
92
127
86
73
48
77
73
95
74
98
150
772
70
188
74
122
72
69
75
73
77
74
108
75
122
88
95
74
73
73
66
69
60
129
48
67
112
145
74
452
99
71
155
69
91
66
85
67
85
128
66
88
66
94
67
43
95
68
101
67
66
79
67
77
66
89
67
65
77
66
88
67
67
159
82
78
67
181
68
85
67
66
77
68
84
66
78
89
152
117
155
90
111
67
73
83
69
117
74
155
68
69
72
65
74
74
218
103
136
118
118
77
126
113
113
78
164
95
67
71
78
95
67
131
67
51
69
67
66
68
68
67
65
63
88
66
67
133
66
43
62
68
147
116
148
169
107
96
81
529
107
106
78
78
85
84
102
82
79
529
83
87
149
81
84
121
87
55
126
83
102
90
120
79
77
101
93
118
160
156
121
214
89
187
88
185
88
54
97
80
85
79
104
84
78
487
80
81
78
113
84
121
86
83
87
114
104
96
129
85
85
94
90
104
101
210
79
58
84
79
77
91
102
84
84
78
85
79
91
93
82
118
88
83
85
84
113
90
101
73
101
78
79
89
91
94
78
76
89
97
101
86
92
89
74
79
76
91
79
88
78
91
85
79
85
125
94
78
77
89
91
92
78
91
78
77
91
112
83
91
104
78
92
89
79
107
83
93
87
101
86
92
79
77
90
89
91
79
79
89
83
83
79
95
89
77
108
83
100
80
111
78
92
91
78
114
79
91
85
95
80
84
118
88
81
60
104
78
78
90
89
107
83
90
80
91
91
79
80
88
78
78
88
89
77
79
88
91
79
96
86
75
90
84
105
69
141
77
111
82
83
67
159
67
66
76
46
82
66
67
66
89
67
67
96
67
104
67
81
67
67
100
66
98
68
86
66
67
83
67
86
68
747
84
107
81
107
125
136
51
77
68
76
67
76
67
66
75
69
76
69
76
66
65
74
65
76
66
99
68
65
74
68
77
78
77
67
77
75
68
112
80
79
75
70
65
66
68
103
72
97
68
72
68
67
66
66
69
68
80
68
70
69
68
68
67
101
67
67
68
66
67
68
140
75
119
91
201
137
115
83
83
108
85
110
84
126
76
55
110
82
113
78
120
91
125
83
77
115
83
115
98
129
82
109
112
78
148
253
105
112
47
143
66
65
83
86
133
87
91
76
126
57
208
56
80
119
56
123
80
201
70
120
62
142
92
102
111
213
265
146
166
162
91
141
62
215
149
143
82
214
115
127
61
122
92
138
91
129
85
78
118
89
119
78
127
83
78
117
88
115
79
122
85
97
113
101
86
103
110
130
222
87
63
84
86
155
121
89
88
103
85
88
67
99
84
95
83
91
82
90
82
90
93
90
309
125
87
97
86
79
111
84
112
82
77
86
92
212
108
98
85
99
83
145
57
123
79
78
95
79
97
103
104
78
124
79
77
96
79
156
138
256
104
141
114
100
83
148
80
109
85
129
86
85
105
79
143
92
118
119
117
83
79
105
84
106
80
108
89
108
79
78
108
89
154
90
138
93
112
93
104
78
114
80
103
80
120
83
137
88
112
80
99
97
90
93
81
98
89
113
80
79
93
89
97
80
98
93
142
296
108
78
130
90
76
92
70
90
78
108
91
108
78
75
115
96
93
79
97
85
112
85
150
73
119
84
78
98
84
95
80
124
105
156
76
88
95
438
87
81
120
103
88
144
137
116
85
307
93
497
130
102
93
102
88
101
124
118
89
174
93
123
91
180
74
85
80
109
155
106
74
91
74
196
77
84
67
124
87
150
66
135
67
232
45
260
74
153
87
73
157
74
570
66
131
67
107
66
107
74
107
148
150
47
139
49
151
73
149
72
145
75
149
76
144
74
150
197
179
121
114
78
114
74
110
74
106
73
255
69
101
74
198
68
104
75
101
72
103
77
101
46
120
74
237
74
104
85
91
75
198
74
104
89
102
74
103
75
107
74
87
74
83
72
74
49
73
74
72
74
73
76
75
73
75
421
72
52
68
66
87
75
88
92
65
67
91
68
82
74
175
72
78
72
71
66
70
67
79
149
68
200
75
71
68
144
73
72
66
70
132
71
46
149
91
89
75
170
73
92
86
82
90
133
48
145
146
287
98
84
144
119
89
105
78
95
84
112
80
114
91
124
82
93
93
92
92
91
94
85
101
91
120
78
105
74
254
83
74
65
77
68
93
69
140
107
142
91
102
90
95
85
114
90
113
62
106
82
82
94
65
98
84
100
84
114
83
189
103
109
94
2419
510
84
87
104
84
106
84
81
83
91
85
83
95
82
95
84
130
84
128
85
106
93
84
95
84
93
92
95
84
147
222
90
83
92
88
101
125
96
85
94
93
97
82
108
85
114
120
106
83
98
95
84
81
85
78
89
92
85
106
91
143
152
160
141
94
195
99
217
106
188
79
129
83
148
76
106
90
118
98
115
74
119
130
124
107
61
192
64
114
48
148
182
124
117
144
93
103
171
153
100
131
74
120
141
62
143
139
124
147
49
159
103
153
272
107
166
98
184
81
167
112
167
108
145
111
149
102
128
112
101
151
105
120
100
128
69
118
88
98
69
99
88
114
94
185
88
100
92
179
129
112
88
110
98
111
73
119
122
88
142
91
115
86
139
141
125
100
128
88
135
105
127
61
104
85
134
122
134
152
196
152
101
170
147
122
115
124
88
177
127
144
146
100
129
117
131
87
130
87
107
88
150
111
106
156
93
125
73
123
102
293
76
112
74
143
73
132
180
98
52
94
217
74
202
141
189
164
97
146
106
155
101
114
107
119
105
98
145
116
117
138
104
130
100
117
129
93
207
95
120
117
114
94
246
2324
91
65
108
98
87
107
87
99
125
86
127
89
129
107
136
118
113
59
107
88
101
87
294
151
132
117
96
136
135
314
159
136
127
146
249
158
511
134
355
99
91
377
173
353
108
98
111
532
84
156
141
379
214
271
405
120
349
126
135
127
239
172
90
86
101
74
150
74
86
73
102
88
73
158
73
131
74
101
75
111
113
105
89
101
165
84
122
85
91
74
154
136
309
74
83
74
99
87
77
74
78
183
110
141
95
198
73
400
49
110
84
67
74
69
72
296
126
87
95
137
312
87
86
77
82
83
83
143
100
150
71
128
74
115
50
320
74
112
74
100
73
96
105
108
151
70
155
77
100
101
117
85
106
209
75
147
74
259
110
138
73
115
73
210
165
100
74
100
75
551
159
299
132
73
126
151
111
72
102
73
81
76
131
117
75
142
74
128
51
98
50
97
74
111
74
97
113
73
114
74
114
169
114
72
131
95
146
74
100
106
46
113
74
107
76
106
73
104
74
83
127
95
73
94
73
119
119
75
121
75
124
123
95
84
82
124
127
74
68
112
42
78
78
80
63
67
73
74
75
67
75
69
73
66
74
69
76
66
99
92
105
66
148
75
165
154
158
179
169
152
169
180
90
75
78
73
88
73
74
88
80
75
140
107
99
93
81
74
82
74
126
299
100
106
81
125
50
95
75
91
74
83
104
76
106
75
109
51
93
74
78
73
74
108
74
109
75
105
72
141
81
180
72
85
102
73
112
81
115
47
136
71
98
100
165
113
71
148
75
88
74
91
73
87
104
87
102
75
110
85
102
74
91
81
94
97
79
97
96
105
118
88
80
90
85
99
75
90
122
74
112
74
100
74
96
87
92
125
128
77
75
73
72
73
102
91
98
73
103
74
109
73
116
74
82
107
73
106
50
98
74
84
74
71
127
72
151
226
107
93
255
150
119
156
162
138
151
149
189
92
82
87
83
85
80
103
92
94
80
96
91
96
80
98
83
163
271
91
157
79
147
81
155
80
153
80
181
75
135
79
137
129
127
80
142
84
128
86
126
78
138
84
127
84
140
79
163
124
135
63
96
71
2468
156
96
181
113
117
110
409
114
98
191
416
79
137
88
112
84
124
84
115
83
136
82
147
154
116
91
66
2765
119
101
84
119
79
106
78
105
78
112
80
115
115
147
66
101
85
100
82
101
81
103
83
87
91
143
105
170
155
136
130
73
506
220
170
108
67
90
77
107
156
75
66
79
95
14794
105
66
147
67
78
73
116
99
121
79
129
106
79
109
80
108
85
62
84
83
86
83
92
83
85
9110
84
105
84
147
81
77
69
83
67
77
77
155
157
82
96
65
104
67
108
66
101
67
100
66
115
50
95
43
95
67
94
66
94
68
109
67
243
43
97
67
196
109
93
113
78
89
96
101
109
90
203
92
321
85
102
114
105
106
108
169
105
103
98
100
94
118
121
130
112
91
98
100
99
69
100
109
92
151
92
95
89
98
101
101
109
91
110
100
108
66
97
86
97
99
100
143
62
84
73
78
134
78
74
87
104
92
103
87
102
83
105
79
91
88
103
79
91
84
92
82
91
94
90
79
90
85
268
299
79
103
79
116
96
101
153
87
114
101
104
117
175
100
101
117
87
104
100
104
79
94
92
118
78
95
89
97
81
105
107
103
80
95
89
94
79
92
105
80
105
105
102
80
129
61
107
80
103
83
102
104
105
79
95
83
104
86
106
93
101
115
94
90
75
82
67
78
76
75
93
66
94
66
353
74
78
67
92
66
66
83
68
67
60
67
63
67
95
68
62
66
69
91
63
90
67
90
66
262
81
91
67
68
66
77
66
76
66
84
65
63
42
70
67
69
66
125
109
106
81
97
114
88
218
71
185
486
178
67
67
77
70
919
67
93
98
130
73
99
73
98
130
73
132
67
117
68
116
72
126
66
91
67
110
84
87
101
91
125
66
101
66
101
101
101
66
103
69
102
65
109
67
115
67
104
141
158
115
89
103
91
101
131
52
98
106
108
91
107
150
91
142
91
95
137
118
156
142
120
105
204
91
122
95
114
88
115
124
106
150
87
104
93
99
124
100
102
94
98
89
116
101
93
120
124
82
264
122
84
112
87
112
91
112
226
84
123
126
283
167
131
80
115
94
81
94
89
162
93
110
95
101
93
174
112
148
103
150
108
145
72
133
134
157
297
280
177
213
116
318
110
304
253
178
136
182
142
126
186
207
207
153
96
128
176
146
402
172
221
727
223
143
141
173
146
220
404
173
120
351
117
275
196
193
136
230
139
206
154
152
139
288
122
121
107
121
103
119
248
173
87
168
115
118
337
125
133
257
67
100
105
97
152
96
87
105
178
114
189
135
253
150
88
228
129
121
86
112
87
113
212
80
116
148
117
78
111
83
110
80
102
116
78
104
84
114
80
111
122
118
137
79
331
82
120
78
114
85
112
136
78
86
118
146
83
131
125
98
78
97
83
102
130
94
113
78
101
94
109
84
100
85
94
84
92
101
83
98
77
105
84
102
79
83
83
83
84
82
83
92
97
144
135
103
103
116
83
156
55
92
56
106
55
91
61
93
62
99
104
55
104
116
108
75
117
83
100
102
102
79
101
122
80
122
91
134
189
216
249
151
108
119
110
126
119
128
80
106
80
107
87
106
112
79
123
178
140
197
163
105
261
112
92
101
126
98
137
96
104
120
143
218
203
196
231
93
118
104
124
102
97
142
103
308
133
156
175
127
103
181
170
142
1091
119
132
85
123
77
116
68
105
67
105
133
66
118
69
166
129
113
240
74
218
176
125
100
88
154
79
208
82
75
81
130
192
110
108
88
128
65
127
88
646
219
87
81
103
99
286
92
280
205
122
227
172
80
117
94
221
135
94
122
155
117
144
106
101
100
116
136
91
103
148
184
137
147
129
169
88
112
252
73
126
120
103
149
117
117
88
103
119
62
141
98
101
87
498
153
273
110
198
204
223
150
107
145
99
239
161
137
96
128
84
246
109
159
139
221
152
150
132
86
208
78
133
116
83
168
124
88
93
92
66
76
43
75
74
151
142
83
109
83
81
96
75
101
74
82
73
267
153
654
177
127
141
133
92
73
69
81
73
122
63
129
108
118
103
94
74
145
120
111
127
72
86
131
74
102
73
97
102
74
140
82
157
130
72
100
73
88
181
86
234
124
83
155
103
86
113
148
74
85
74
87
322
136
130
130
73
93
125
74
97
74
106
283
74
113
208
98
106
75
102
91
74
748
108
91
186
105
96
78
96
100
102
415
141
80
96
106
134
117
73
220
120
129
139
115
73
112
122
121
128
148
92
119
91
142
86
160
128
96
180
135
125
150
169
187
149
175
385
2636
837
164
186
312
171
169
353
182
237
145
137
102
242
145
135
215
135
179
215
191
187
107
130
143
156
157
288
218
170
115
118
211
496
86
163
133
138
180
183
169
142
80
89
94
96
122
206
112
122
134
336
189
156
142
139
58
137
158
149
164
279
333
149
176
121
116
159
152
125
117
123
74
181
123
176
146
155
169
122
105
120
242
92
71
146
165
184
140
179
182
473
181
149
79
157
86
156
157
135
188
148
102
145
148
137
90
109
109
125
2482
80
135
124
133
74
104
158
127
108
111
166
191
152
89
125
144
145
66
195
126
99
116
96
116
104
83
110
99
70
119
134
172
149
90
123
111
84
79
182
64
209
135
133
167
201
77
80
107
109
115
73
77
186
148
105
124
72
188
120
88
136
136
49
132
124
126
122
221
83
84
115
164
187
185
199
173
141
122
160
103
144
138
136
91
122
115
159
78
143
245
118
102
755
150
93
125
155
180
436
176
133
144
113
211
264
164
105
105
198
265
151
171
127
104
154
170
137
88
107
250
222
111
133
87
339
161
186
113
108
120
120
148
312
364
147
132
370
97
156
311
233
256
180
169
227
173
164
239
279
185
257
247
100
128
113
86
139
80
91
106
119
65
221
75
143
137
99
204
97
170
139
158
117
91
91
422
108
123
364
251
296
122
86
78
77
73
86
85
89
145
167
161
156
156
149
111
87
71
87
141
179
162
166
379
106
184
87
92
97
120
129
91
233
110
72
155
68
150
148
168
145
171
154
131
161
169
190
144
93
99
100
82
90
124
107
150
141
127
122
129
142
168
123
86
120
104
198
145
200
153
83
114
99
105
60
191
104
126
72
96
110
126
74
129
126
208
190
130
107
111
73
154
149
141
152
127
167
144
86
151
145
149
118
114
134
122
133
118
125
93
115
108
85
118
122
102
147
214
125
197
144
146
156
121
126
112
92
85
276
302
177
330
140
105
96
108
124
106
198
122
110
140
211
142
156
177
100
160
88
175
133
123
166
195
164
150
139
149
156
136
146
154
147
291
559
205
242
320
159
166
101
183
151
287
88
151
125
166
159
171
92
124
124
109
147
151
137
115
237
74
132
149
136
166
192
104
158
145
303
74
151
128
68
122
237
152
75
85
175
175
168
173
183
167
93
97
86
141
97
74
108
147
63
88
126
20151
90
104
99
96
183
101
166
177
111
161
151
84
102
180
106
135
98
124
135
86
74
91
164
154
179
90
106
88
178
141
101
237
171
151
160
164
163
93
174
168
141
165
104
160
141
247
239
91
177
175
179
161
103
153
125
159
140
170
166
158
154
70
155
146
208
151
117
145
142
76
93
132
85
141
331
110
109
111
74
108
86
170
146
136
75
110
168
116
79
88
138
85
172
163
152
115
131
82
194
146
126
140
103
75
159
135
73
70
124
117
143
135
72
134
123
93
94
125
75
119
73
93
127
238
169
125
143
57
103
144
62
126
117
122
154
241
396
331
86
83
91
73
87
91
48
101
87
147
84
141
109
175
174
177
79
127
108
71
126
126
101
114
131
79
93
117
90
105
142
68
120
266
170
143
178
134
118
94
130
94
122
118
159
74
167
150
138
114
91
97
111
97
125
147
75
123
113
75
116
127
255
105
349
132
154
123
112
80
137
96
87
141
143
75
113
153
86
116
225
166
118
146
234
184
99
112
142
111
118
138
98
99
130
104
118
143
107
110
142
129
109
115
147
83
106
172
85
155
177
98
179
202
146
164
197
163
87
169
199
155
218
177
167
134
290
243
143
236
130
131
135
125
107
141
185
240
142
166
299
184
205
182
146
206
181
170
172
382
136
167
123
131
135
162
184
205
146
206
139
150
182
144
211
187
164
189
187
108
128
191
191
196
149
169
191
147
190
201
205
167
139
175
124
184
147
219
162
183
210
534
163
354
155
229
237
228
125
162
161
272
143
229
153
157
160
187
171
169
179
160
188
252
140
245
249
162
154
257
175
155
289
115
172
191
206
156
195
176
269
230
125
281
138
80
82
96
102
119
75
288
120
130
134
102
105
170
121
219
73
103
120
89
99
110
100
100
92
72
84
91
88
75
83
75
92
93
89
106
71
95
153
73
92
116
103
118
118
74
102
95
110
80
106
107
74
105
137
74
107
99
76
100
93
77
109
151
77
106
123
101
98
123
85
110
116
48
102
108
73
92
109
99
112
155
75
201
531
103
101
116
118
93
116
122
86
107
121
87
101
87
114
123
109
86
102
92
99
127
126
87
104
129
126
180
91
125
141
88
149
136
92
156
127
128
94
117
109
93
186
138
103
115
94
110
196
93
86
118
90
257
222
107
122
142
136
100
146
157
87
138
256
134
141
157
139
141
144
138
141
157
87
123
132
88
129
148
113
118
181
155
171
89
476
153
158
128
195
95
70
100
50
75
49
142
142
164
102
94
161
244
170
99
259
67
112
122
77
104
138
196
109
115
78
78
114
71
89
98
68
113
67
114
104
125
159
114
105
94
67
102
290
95
73
82
91
81
82
72
75
129
66
106
67
85
99
67
89
68
87
99
67
88
145
92
273
131
74
323
125
400
132
130
139
100
190
131
87
116
125
91
187
235
162
93
105
116
101
95
114
89
103
106
87
102
117
87
100
120
134
99
120
100
101
117
89
98
111
87
98
123
182
127
138
127
165
179
169
273
193
200
118
101
182
295
148
131
140
142
124
249
97
156
172
146
134
96
166
161
132
119
148
118
196
139
140
167
152
170
169
240
211
163
111
126
134
219
100
242
158
166
198
705
154
124
162
148
226
215
137
136
157
126
127
119
168
219
110
139
204
231
153
108
117
175
124
163
127
160
128
98
125
131
133
155
476
270
237
118
144
152
177
108
117
179
131
295
178
183
138
114
148
99
121
232
155
107
129
129
127
146
140
122
74
120
88
97
122
87
86
115
88
84
127
98
98
92
94
97
113
94
98
111
94
113
99
86
98
98
86
98
97
61
96
99
86
106
135
143
147
156
176
99
85
81
105
76
90
120
73
81
141
111
392
235
136
76
113
162
243
136
100
74
73
120
124
356
88
84
85
297
127
119
91
96
98
89
82
91
73
95
140
81
95
94
101
81
95
96
65
79
83
72
90
123
74
80
77
49
76
80
48
80
204
278
93
141
142
163
191
166
98
105
152
98
106
146
86
121
148
86
195
129
197
174
118
261
398
283
127
114
121
284
151
129
147
180
101
101
118
79
92
110
79
110
134
71
93
79
83
112
80
88
120
81
87
112
100
86
117
82
89
77
86
116
88
86
110
90
107
125
81
96
131
80
91
99
94
111
80
89
112
88
123
126
88
120
120
123
138
99
125
140
78
118
155
145
162
149
109
236
115
86
102
99
97
111
92
95
121
94
91
113
87
89
105
89
99
155
92
145
108
86
169
116
77
102
83
99
99
78
94
124
78
89
121
88
68
137
99
95
107
80
100
79
104
107
87
119
126
79
118
128
173
151
144
123
214
154
90
134
80
115
106
79
119
114
97
107
142
103
110
126
88
109
199
76
214
130
83
487
131
81
112
130
56
122
92
97
122
78
111
141
89
111
132
88
176
136
79
112
85
132
117
78
79
181
81
91
110
90
90
111
95
81
87
91
91
87
112
79
79
76
80
213
90
86
104
76
78
60
79
104
79
78
117
79
167
188
72
88
114
78
202
109
80
99
108
105
87
109
77
100
119
79
95
104
89
109
79
96
107
91
95
107
121
194
192
63
67
111
79
66
74
67
65
66
63
93
66
67
95
74
92
102
67
64
77
67
64
68
94
86
91
84
65
83
113
68
92
112
66
110
117
117
100
82
108
132
68
96
183
103
95
127
74
86
98
67
95
75
97
92
67
100
86
67
82
93
71
105
116
67
93
67
97
108
67
88
124
178
127
125
84
94
132
80
91
91
92
116
79
165
101
83
92
92
91
114
79
98
123
78
98
154
192
136
122
115
114
106
106
86
101
94
80
92
97
91
93
108
78
91
111
80
102
111
78
124
78
91
129
98
110
122
80
94
123
79
92
91
90
98
78
105
121
79
92
106
77
99
119
77
135
121
78
109
127
79
105
94
110
118
79
107
115
79
103
127
78
104
125
80
109
81
79
166
153
143
70
136
119
134
63
98
108
137
156
149
118
123
131
66
86
130
133
75
106
77
81
119
66
85
115
66
94
113
82
84
67
81
100
74
82
75
67
99
112
67
152
94
67
75
94
65
92
91
67
86
67
86
134
41
66
88
84
67
86
67
89
86
66
90
101
67
76
74
67
79
89
66
78
84
66
75
77
66
76
82
68
61
82
68
74
93
66
77
74
73
74
100
73
84
76
82
73
85
70
84
84
69
84
74
82
70
76
64
64
68
70
103
159
154
138
95
76
59
70
69
81
87
62
60
74
135
75
115
84
88
150
96
211
206
481
107
3337
125
120
143
109
219
149
107
113
134
88
506
132
105
107
116
129
169
165
146
78
97
140
84
105
87
103
104
106
95
104
89
153
108
123
89
157
122
88
112
117
128
87
106
134
87
106
131
126
80
181
134
78
106
137
79
101
129
89
100
142
53
119
211
79
211
149
117
179
158
140
115
108
145
79
194
91
108
128
145
80
121
135
84
182
208
154
97
131
83
98
131
113
95
86
116
114
96
136
125
95
134
85
94
109
97
98
144
85
119
147
103
98
210
160
226
218
145
94
112
131
84
110
144
98
80
89
67
90
90
74
76
166
73
75
147
81
79
156
170
68
64
75
67
143
83
66
135
157
172
77
154
80
102
102
57
99
111
85
140
223
191
80
104
108
80
105
199
79
95
120
79
98
102
81
96
108
79
92
115
112
171
124
86
130
180
136
135
108
131
89
107
132
82
93
116
79
106
117
127
79
122
77
96
122
79
94
107
127
81
106
87
105
88
91
133
89
90
89
117
86
76
120
88
110
104
120
85
92
98
733
87
89
128
87
91
89
133
91
218
95
110
115
90
78
117
100
85
105
65
89
169
108
150
143
130
93
140
89
92
118
93
104
128
79
92
236
117
79
107
116
78
105
129
79
166
129
86
126
102
77
104
111
96
78
204
247
88
140
97
45
97
120
75
93
174
86
137
88
73
123
101
124
73
96
137
74
77
105
124
66
89
119
81
77
73
77
75
119
75
112
109
77
98
113
138
96
100
125
125
76
84
124
73
86
107
125
46
81
546
66
165
113
73
77
102
1210
87
101
78
82
78
112
73
80
120
66
103
113
112
43
112
91
78
145
121
74
140
109
107
73
110
108
84
109
111
107
95
110
108
108
74
110
109
108
108
109
108
76
108
107
109
74
107
120
101
110
108
105
46
111
104
48
98
103
103
74
110
98
105
73
87
98
111
163
84
93
75
97
109
145
75
115
108
129
74
107
116
132
73
106
132
95
108
107
144
53
95
104
74
186
99
105
67
103
119
68
96
184
101
95
114
113
67
98
106
68
90
97
67
193
103
68
88
111
90
111
84
75
87
88
89
67
86
111
87
83
117
45
87
85
96
66
154
176
66
86
98
67
89
91
90
48
175
95
86
100
234
189
81
170
219
79
89
100
115
94
133
136
95
251
125
90
183
164
114
106
140
152
96
239
126
116
107
113
170
113
56
96
109
62
155
116
264
428
121
136
96
189
284
454
284
170
139
167
96
310
105
93
116
199
91
116
438
89
97
509
80
178
272
80
200
89
145
55
83
559
88
82
102
118
83
81
117
80
87
192
79
80
119
130
108
86
107
80
157
177
107
78
86
135
86
210
149
89
102
93
126
102
148
119
80
190
117
81
79
120
249
195
114
112
102
87
90
184
79
114
197
160
96
102
115
77
105
116
110
180
101
394
101
117
153
101
206
324
151
92
165
103
78
89
103
314
88
101
80
95
148
112
81
88
113
79
246
198
114
76
94
109
80
176
458
87
92
89
102
79
91
370
91
304
289
488
105
103
70
118
82
97
124
105
95
137
101
103
124
137
80
93
218
69
102
82
111
92
84
118
199
156
98
85
84
85
140
182
531
122
80
102
214
111
79
236
101
92
168
190
118
109
256
175
82
95
185
106
91
97
100
80
188
121
173
347
369
266
80
106
120
79
105
111
166
87
206
108
132
320
93
119
190
131
112
129
105
111
141
99
113
116
119
87
273
310
142
358
175
105
79
92
115
178
85
83
217
177
89
90
104
80
83
111
79
91
112
78
93
111
78
94
94
115
80
92
118
55
91
254
92
104
119
78
92
102
298
77
93
106
78
91
107
79
103
111
78
89
98
158
107
95
103
79
94
104
79
92
103
79
93
93
116
93
102
105
67
60
59
59
83
84
88
77
71
81
74
79
93
122
93
94
104
91
92
123
88
128
110
99
88
89
94
121
90
90
108
78
101
120
79
96
119
80
93
111
113
121
89
113
91
94
121
80
91
96
112
80
187
114
93
105
123
114
97
93
119
80
160
116
80
91
122
81
96
138
175
209
106
100
162
112
98
87
95
168
158
135
164
152
69
222
141
127
146
142
187
144
144
143
159
148
149
147
145
148
140
145
123
128
101
67
107
76
75
93
105
66
78
125
91
90
114
123
78
121
130
128
87
99
124
125
88
99
107
136
96
117
120
133
86
98
106
135
85
97
120
124
61
114
97
114
88
98
110
109
114
87
99
108
112
99
98
104
116
95
85
91
118
88
95
92
101
94
96
86
140
94
83
87
103
82
85
100
81
81
80
80
81
87
131
87
102
107
102
79
80
116
79
83
92
80
91
102
78
111
77
98
79
80
105
79
80
90
143
113
148
109
79
233
153
258
81
171
657
544
134
160
95
105
79
170
118
112
94
94
111
84
236
88
108
79
95
114
84
88
238
380
80
506
86
304
87
99
122
112
97
93
148
104
98
123
310
158
153
181
116
157
138
130
123
152
92
130
100
122
273
277
96
481
126
188
86
103
106
84
90
93
107
84
90
106
92
95
279
115
84
172
322
109
90
105
124
142
167
110
255
170
107
102
190
200
107
145
131
132
138
132
99
114
92
198
154
217
221
103
219
155
118
82
92
135
90
90
100
121
81
89
104
143
90
118
136
115
94
104
139
89
105
138
89
125
105
125
127
102
135
64
104
113
135
107
143
146
202
149
144
136
156
99
104
182
316
156
99
119
121
105
172
153
127
93
105
174
367
130
256
113
120
210
284
87
282
231
204
91
111
115
137
191
90
303
138
241
135
136
130
205
178
297
109
135
117
92
107
111
129
104
121
127
118
155
63
114
105
149
100
140
131
140
80
120
107
9103
91
183
339
172
132
116
107
102
114
100
121
108
136
103
94
267
186
121
111
181
111
135
92
320
101
360
251
82
101
203
146
133
189
111
139
276
288
290
296
132
159
171
151
205
166
185
375
284
338
86
119
128
275
84
158
124
114
126
121
108
110
113
74
105
153
181
109
106
109
99
110
91
85
229
197
236
83
73
81
92
165
96
171
86
99
76
75
88
114
106
74
90
73
309
91
122
79
92
81
105
79
96
152
95
107
115
79
149
102
78
170
94
107
86
82
196
264
173
81
114
94
80
77
103
109
94
168
109
290
101
96
92
114
85
91
122
119
84
92
113
159
103
75
533
159
169
91
118
112
205
101
152
206
161
89
129
94
120
78
97
101
111
623
82
231
477
122
88
95
120
142
96
151
131
94
92
84
116
94
82
83
124
84
164
536
155
115
196
124
154
96
116
343
244
166
79
96
106
80
95
117
104
78
96
227
203
214
91
100
130
133
76
99
119
81
100
144
123
81
250
115
120
78
125
115
116
77
186
210
169
106
301
88
108
100
143
80
101
113
153
90
177
103
149
78
102
90
118
104
115
79
91
106
113
77
90
103
62
81
184
101
79
82
83
161
126
85
93
163
102
80
76
75
92
95
78
90
90
77
75
120
74
164
76
89
139
67
75
98
97
159
85
157
106
67
80
76
77
73
176
146
73
83
86
75
78
72
222
183
261
168
88
320
159
81
92
512
82
77
78
110
62
223
91
67
65
88
69
291
64
94
93
78
73
121
140
84
103
101
106
93
92
94
111
106
116
118
126
91
103
110
115
81
92
104
79
170
312
270
115
77
119
111
113
79
109
105
118
80
162
282
124
56
124
96
134
84
98
196
111
327
127
143
150
135
111
431
142
88
82
231
242
82
80
390
57
80
80
107
124
84
93
116
79
97
82
99
79
81
96
118
109
84
143
119
79
79
83
121
78
80
88
86
88
81
106
88
194
90
128
131
106
92
133
102
84
86
96
102
92
92
91
120
88
433
134
112
79
149
120
131
98
98
117
297
78
79
83
100
81
91
89
121
66
98
101
195
92
612
127
145
90
98
114
111
80
85
111
169
96
94
200
204
80
93
96
112
81
96
112
265
79
117
108
125
128
103
385
121
269
640
311
112
191
128
137
106
133
130
95
111
103
98
100
104
114
99
92
77
113
111
89
89
104
93
92
92
114
85
91
91
117
157
94
94
102
86
85
93
106
94
92
90
116
94
90
95
104
115
85
89
96
118
84
332
92
113
83
108
105
140
120
84
106
108
93
107
119
118
90
108
94
119
86
103
106
133
110
78
105
115
120
93
107
145
116
110
106
104
195
79
106
101
115
81
107
120
135
224
202
181
116
229
138
99
124
113
141
144
110
130
119
162
158
116
113
115
130
131
192
93
130
103
116
118
109
96
156
116
83
102
93
107
96
92
94
115
117
91
92
93
110
108
95
96
8438
96
95
92
108
97
93
93
111
93
93
100
105
117
105
112
87
116
87
89
92
112
86
99
77
103
86
101
91
115
91
100
91
113
95
225
162
130
239
368
92
98
114
103
91
93
113
94
93
124
124
91
94
97
113
95
96
98
94
131
91
96
98
123
82
94
104
132
117
79
109
122
128
80
96
107
125
78
98
108
137
135
78
89
94
125
97
115
109
153
104
108
108
128
84
111
109
118
78
198
110
129
100
114
103
164
116
85
107
118
127
79
104
106
125
84
123
124
115
85
123
106
134
99
81
109
103
113
77
109
100
104
77
114
102
114
78
95
101
100
87
95
110
117
117
91
156
158
614
117
82
80
87
107
89
87
100
178
80
265
80
107
106
87
139
100
109
97
485
112
93
125
79
100
92
203
77
93
100
147
165
170
130
79
100
93
129
120
80
92
94
110
127
94
92
121
120
141
215
91
110
79
91
92
134
130
112
91
126
136
57
90
93
113
90
94
92
122
82
111
91
118
131
85
91
100
109
80
94
95
126
79
95
94
112
78
96
78
103
99
95
93
119
106
97
104
108
124
79
98
102
108
83
107
77
107
116
80
81
90
113
81
99
95
87
81
69
87
81
80
81
88
88
84
67
183
105
98
102
101
173
107
100
74
78
70
80
83
74
408
76
332
143
82
66
233
77
280
146
119
80
109
101
67
98
92
96
67
81
142
80
87
66
61
79
209
179
70
73
106
66
70
65
114
90
66
136
75
91
66
73
61
79
85
66
74
91
81
124
146
100
82
85
67
62
66
61
66
61
76
73
65
77
72
69
75
84
68
58
70
125
133
81
146
91
100
90
105
99
121
79
80
99
97
121
67
95
94
120
86
94
136
95
103
80
95
84
96
124
79
95
98
111
84
95
98
123
80
106
97
144
198
89
166
90
91
109
80
89
97
108
87
83
97
109
78
88
85
208
280
92
87
128
224
144
132
108
115
137
105
104
113
142
89
106
114
145
89
108
105
302
149
102
204
179
148
145
79
216
107
156
82
183
109
185
125
81
107
110
126
91
111
133
136
189
138
80
99
100
109
126
88
99
91
111
134
125
104
100
103
256
158
185
198
132
153
110
109
630
123
122
98
93
98
190
126
87
111
112
111
183
129
92
262
114
114
126
130
93
121
111
106
169
144
93
115
117
118
131
130
95
117
113
122
136
112
107
106
119
92
112
111
119
122
84
98
120
118
118
86
115
108
116
85
106
109
314
127
85
106
108
118
89
109
108
94
101
81
93
546
113
111
79
120
93
130
88
128
95
94
113
138
335
186
196
228
79
96
95
127
126
79
95
115
116
79
92
92
135
117
79
108
104
115
57
99
105
117
79
101
104
115
106
101
203
98
109
88
104
98
112
132
87
195
191
193
105
78
97
96
142
120
84
98
97
129
115
83
96
105
110
113
79
95
106
118
79
115
168
129
115
77
96
117
106
79
168
97
114
114
106
106
103
88
100
73
69
63
76
111
310
73
360
275
278
139
259
224
548
444
112
359
111
452
96
92
93
83
112
81
112
106
90
88
81
94
100
91
83
81
93
90
95
81
80
107
86
102
82
92
137
97
126
167
92
103
113
93
92
97
135
88
90
71
81
106
65
115
84
156
102
115
129
111
90
90
138
102
101
79
158
88
184
101
80
157
115
113
121
79
90
90
103
114
57
91
91
103
89
93
92
98
121
93
83
90
92
104
93
86
79
105
113
88
78
76
105
115
78
77
78
104
87
75
80
117
109
123
91
101
107
104
125
105
208
104
90
106
100
110
62
81
83
108
115
108
86
96
90
128
94
236
162
89
100
106
105
95
99
92
103
170
86
97
186
100
90
106
205
104
171
81
91
86
158
105
109
88
85
83
84
89
111
118
91
169
144
430
108
59
103
78
79
80
90
167
156
79
86
86
87
115
116
42
114
94
104
126
92
90
89
112
109
92
96
89
114
133
98
100
173
132
113
123
81
256
109
114
78
97
109
107
124
98
100
99
116
131
99
188
201
109
113
79
99
94
475
95
93
80
79
79
98
105
81
109
87
170
202
99
160
84
92
89
78
142
150
146
102
78
177
155
134
105
87
87
92
103
291
91
89
88
90
181
72
162
89
108
120
118
89
88
160
105
164
91
89
91
147
104
79
88
89
119
94
102
87
120
268
211
105
107
90
91
115
107
78
90
91
116
116
85
76
91
196
78
74
89
159
163
85
89
73
99
126
246
80
141
103
175
104
120
102
93
91
89
135
101
77
186
274
2125
95
183
91
77
132
136
101
764
106
117
129
113
103
116
178
127
237
375
89
193
123
151
242
127
79
141
144
113
118
155
193
83
205
99
111
125
173
154
169
99
129
138
97
221
213
122
343
247
311
296
301
267
226
644
126
98
130
166
91
107
128
96
78
90
116
114
80
90
90
74
60
83
88
90
106
90
138
110
89
90
122
237
128
174
101
102
290
174
88
153
100
102
109
86
101
88
111
133
137
138
90
93
170
114
99
209
167
100
164
86
150
111
105
200
127
138
116
85
95
390
184
112
220
129
114
171
210
109
111
128
110
124
87
103
537
201
165
96
246
281
361
258
318
462
218
100
126
99
102
101
389
109
187
195
285
95
98
101
131
147
134
131
87
100
110
86
146
272
120
124
124
115
131
134
119
100
123
171
217
153
132
347
82
86
85
85
241
119
129
154
294
181
96
86
100
95
89
66
77
92
95
98
83
72
62
83
98
84
71
105
213
211
72
88
66
62
99
82
100
88
399
792
378
73
101
94
118
286
142
356
168
85
248
86
156
168
163
280
359
256
427
514
87
184
156
202
275
101
94
101
108
111
111
92
105
90
105
104
216
132
192
121
106
88
106
206
104
105
169
404
117
126
87
94
103
71
104
175
430
416
337
110
102
214
183
108
103
101
93
88
90
142
152
163
176
209
376
477
135
195
254
192
123
136
89
121
120
135
285
97
122
124
236
150
214
79
112
112
111
136
211
80
108
121
126
124
92
108
112
124
124
79
125
104
110
141
126
105
105
98
206
124
80
111
112
126
122
79
109
107
125
133
107
112
109
112
125
89
109
111
112
97
134
78
110
125
112
123
79
114
110
111
133
95
110
111
111
123
124
80
109
135
112
122
120
105
105
103
119
95
104
107
105
120
79
104
104
111
117
116
80
108
201
105
116
79
107
104
104
152
126
171
614
106
112
118
84
105
109
122
137
78
128
102
101
118
117
78
103
106
108
121
113
78
279
368
194
438
548
147
123
100
96
90
95
128
132
84
89
103
100
98
120
134
277
1600
143
219
273
308
263
214
116
122
266
122
285
587
95
112
114
145
145
56
132
97
144
177
144
81
114
111
143
166
105
170
116
111
127
140
82
122
111
113
127
115
156
87
118
118
108
123
128
125
116
81
115
104
116
112
95
106
107
113
126
82
105
121
106
125
124
80
115
103
104
115
128
79
117
119
127
124
78
127
117
119
149
123
95
120
109
106
121
118
80
102
110
113
120
79
106
109
114
123
123
85
106
106
114
128
132
77
75
145
74
101
105
67
101
72
97
104
72
86
76
72
101
104
104
66
73
74
100
102
66
73
104
116
106
102
67
71
75
103
105
88
73
74
100
105
105
72
74
102
103
102
67
85
72
100
117
112
43
71
74
102
116
69
72
174
70
92
89
68
70
80
69
93
94
67
68
68
99
92
65
68
106
221
389
176
244
314
245
182
79
186
113
108
105
120
134
78
114
102
114
114
112
116
208
493
100
100
109
113
124
78
113
100
106
154
126
80
107
101
114
127
79
101
205
102
122
136
119
79
101
101
109
116
125
85
218
101
110
116
143
114
101
101
543
114
123
85
111
103
110
134
115
85
102
101
217
555
115
85
125
105
109
125
143
141
83
131
103
108
117
97
116
119
103
145
128
84
105
129
96
90
111
137
227
133
85
105
117
116
129
134
85
101
103
129
118
84
101
101
112
115
115
129
83
107
102
102
117
118
90
93
123
114
120
131
127
79
107
107
107
121
127
6338
83
92
91
117
113
106
89
90
158
117
126
124
117
105
105
106
106
114
117
89
102
105
107
134
120
140
81
104
104
102
118
122
81
103
103
103
125
118
79
101
164
104
114
116
79
544
556
114
117
117
79
100
117
101
101
136
127
117
115
84
107
106
119
127
113
114
107
106
106
118
104
120
119
79
104
105
105
104
106
114
126
79
106
102
102
117
115
80
103
102
104
113
116
79
103
103
102
105
117
103
106
104
108
112
114
80
118
103
105
116
117
79
103
106
114
127
133
116
74
108
106
106
120
106
104
107
112
117
129
78
118
104
105
121
121
85
127
218
149
88
158
156
97
127
148
66
80
59
59
63
75
106
81
74
72
73
122
78
77
65
74
89
66
67
91
90
64
169
60
57
62
77
67
56
58
76
112
89
104
111
83
109
80
98
131
136
76
73
61
96
94
114
66
72
98
67
102
104
119
119
75
164
88
90
120
121
89
87
121
76
106
105
67
159
171
132
76
97
119
121
93
78
109
117
141
117
120
108
79
78
118
150
116
76
101
162
88
106
119
82
91
90
92
121
119
80
98
91
89
109
122
122
79
90
124
97
120
134
121
91
88
89
105
123
201
263
87
101
100
88
99
106
94
91
90
93
88
105
115
80
91
89
89
88
104
105
80
88
91
90
104
111
80
188
563
144
199
101
103
80
91
89
94
106
79
89
91
99
90
92
156
104
77
566
88
92
104
110
106
89
90
88
90
105
105
77
92
89
107
104
105
79
198
550
90
90
106
112
92
90
91
80
103
114
102
89
88
91
102
104
105
91
104
93
89
102
105
78
90
88
92
106
104
105
79
88
89
88
103
104
79
88
88
104
104
107
80
89
89
89
105
104
201
80
104
89
90
104
115
573
89
94
524
89
106
79
89
88
89
111
103
103
79
87
88
88
104
107
84
89
88
190
490
107
103
91
89
91
88
208
107
104
134
88
90
93
104
108
79
89
88
89
89
120
107
78
163
90
78
88
88
105
112
77
89
91
88
110
114
114
213
79
114
95
112
118
105
124
78
96
95
98
111
112
80
99
98
99
112
119
106
84
88
89
105
102
103
80
92
88
90
89
116
103
95
88
87
89
103
103
115
91
89
97
81
365
58
76
76
66
68
67
58
69
87
83
66
70
79
148
90
98
86
65
71
69
90
103
90
66
70
72
70
89
89
78
72
70
200
102
137
108
122
121
124
104
126
103
122
138
135
85
100
101
101
106
137
221
81
161
101
107
225
102
121
78
101
103
103
120
124
208
136
79
104
103
133
126
123
124
81
106
101
124
107
116
116
111
63
96
97
96
110
118
75
194
92
150
247
236
526
218
178
111
124
112
79
92
91
89
110
111
88
127
165
88
90
91
114
111
111
79
87
89
90
109
114
111
79
89
111
94
230
190
78
81
59
88
88
89
90
66
76
74
73
86
90
87
66
74
81
65
523
77
74
87
104
102
67
91
96
77
86
125
102
68
105
75
91
89
105
144
74
83
57
59
71
73
74
78
81
63
63
62
76
104
109
481
112
222
117
86
86
72
74
75
67
74
72
75
73
73
75
76
67
75
75
74
73
90
82
77
44
71
70
71
74
75
87
67
70
72
74
72
74
74
67
71
116
61
73
75
97
75
68
74
72
71
73
74
109
193
67
73
70
73
90
98
76
67
72
71
72
73
73
114
75
67
71
83
84
97
98
94
67
83
83
78
97
85
91
90
66
73
75
89
75
192
100
96
67
331
77
75
89
89
102
91
68
76
73
73
90
91
90
93
114
90
93
74
86
140
215
90
65
553
74
86
87
91
91
66
74
73
298
153
73
187
139
70
68
91
193
205
85
137
67
68
68
67
68
68
68
59
67
133
76
70
74
87
77
67
60
77
72
73
74
76
76
113
66
72
72
72
77
75
77
68
72
72
75
88
70
80
77
65
73
80
73
71
90
76
77
80
66
73
73
76
78
78
81
84
66
75
72
82
73
75
110
78
67
75
82
94
75
105
90
91
180
93
91
66
75
91
89
77
89
93
94
66
74
76
78
88
92
102
101
107
89
67
67
78
77
91
89
92
68
73
90
78
89
90
89
83
76
75
201
78
77
76
79
79
141
77
76
12453
76
77
78
80
78
67
74
76
80
94
79
117
102
43
77
77
76
77
78
79
77
66
76
76
75
79
106
79
99
66
67
69
67
61
73
96
78
87
66
75
75
79
76
78
86
80
66
555
107
98
100
93
111
112
90
112
112
112
120
79
90
89
89
93
152
143
101
114
92
91
91
91
93
114
112
113
82
93
106
92
93
110
128
112
121
80
97
97
150
156
111
224
116
110
86
117
93
92
91
106
120
107
113
79
90
91
91
96
111
110
113
91
92
92
95
93
100
96
110
112
80
91
108
142
93
110
105
109
103
80
91
91
91
110
115
126
89
99
100
101
101
104
115
119
125
79
117
101
103
98
106
109
197
105
76
101
101
103
131
106
116
119
118
105
105
108
104
123
124
131
138
131
326
84
260
105
103
185
113
124
124
126
127
80
103
121
104
110
122
124
114
105
103
104
105
124
213
108
124
122
81
104
102
103
103
105
141
123
119
116
79
103
124
105
118
105
111
112
103
472
97
99
104
106
116
123
125
116
103
101
105
104
115
117
107
113
77
115
101
106
105
183
103
107
111
80
101
106
113
105
154
106
584
121
118
78
103
102
104
473
118
120
119
121
79
103
102
105
116
120
129
122
110
121
88
98
97
109
100
109
103
81
99
98
100
100
95
225
102
211
115
98
101
101
116
101
107
104
106
112
100
99
100
100
106
116
106
79
446
98
116
97
101
100
105
115
117
85
101
87
98
107
96
106
81
79
106
101
98
101
472
205
253
108
106
107
105
106
107
89
91
91
91
105
104
107
104
119
93
92
89
90
89
103
93
103
103
106
92
90
108
106
88
91
90
102
100
93
92
114
113
160
87
88
89
90
104
90
249
104
102
116
120
115
90
89
91
88
89
102
108
101
83
90
90
101
89
90
110
104
234
103
83
89
90
88
90
89
89
104
105
84
103
90
99
90
91
90
113
97
119
95
101
166
208
108
516
88
101
411
102
89
111
114
94
79
173
78
89
90
88
91
91
104
102
111
78
98
91
88
103
89
89
122
146
103
107
120
79
92
91
91
90
103
95
114
124
109
79
88
90
96
89
99
123
125
115
79
96
91
92
93
98
96
111
119
111
78
99
106
91
100
91
125
110
113
113
80
91
92
101
91
97
124
111
270
119
78
90
91
100
92
92
97
120
110
113
109
79
91
91
92
96
91
169
126
148
165
144
130
95
111
104
133
110
115
131
115
122
113
78
89
92
94
94
102
129
119
119
111
113
80
91
102
90
92
97
115
123
136
120
106
83
93
92
88
104
106
94
94
123
107
108
81
79
93
93
97
96
93
117
119
110
126
90
79
93
79
90
93
105
113
195
118
537
92
92
78
92
94
106
104
235
99
78
91
94
110
92
94
104
108
108
2946
82
95
91
93
105
94
106
93
107
104
107
77
92
94
292
129
95
95
116
255
116
124
241
111
128
81
92
92
90
109
97
100
122
113
115
114
97
90
91
94
101
103
130
113
250
112
114
80
91
91
91
102
91
113
113
113
114
114
80
91
123
78
92
101
91
116
117
113
102
95
90
89
91
106
106
115
104
111
114
104
80
89
89
89
86
90
92
103
116
113
102
79
89
90
91
80
101
130
137
124
198
187
132
189
432
111
184
199
130
113
116
104
80
124
124
103
104
124
117
108
125
476
124
116
168
102
100
102
101
101
107
109
215
110
125
228
170
112
91
99
108
102
100
99
101
98
253
100
127
77
148
859
115
103
101
105
104
104
112
129
79
102
102
104
104
102
105
106
113
185
111
110
102
79
104
106
119
107
104
111
124
116
121
79
208
207
196
172
107
103
108
107
120
119
138
127
128
77
103
103
106
103
356
619
162
107
114
111
124
118
122
102
80
106
107
104
107
111
119
156
108
105
105
126
123
118
104
78
105
106
103
105
107
111
125
122
104
80
102
104
115
108
115
121
120
129
117
93
106
107
108
104
106
105
103
118
118
126
122
109
106
100
101
118
108
106
119
116
119
120
125
79
110
165
427
554
105
106
123
109
108
130
124
118
123
121
80
107
102
108
95
97
93
94
134
105
106
98
109
97
97
80
95
94
75
84
95
101
93
95
103
118
109
127
96
96
94
94
94
96
95
113
584
111
110
123
108
80
94
94
102
169
90
99
94
110
110
125
113
131
119
114
113
94
99
95
93
215
217
95
106
121
110
115
108
105
94
94
93
91
110
107
110
111
151
110
156
80
92
91
91
113
93
106
108
111
111
186
245
251
330
105
113
105
104
55
94
96
98
95
131
95
103
94
99
90
88
89
76
79
179
147
82
102
97
97
99
110
116
121
126
139
106
79
95
94
95
94
97
99
96
100
122
305
101
100
93
113
122
109
122
106
115
87
95
104
180
189
95
92
88
91
105
93
96
113
105
112
113
79
93
95
91
97
90
87
99
95
93
107
104
113
146
105
81
111
92
90
91
93
110
95
95
504
97
103
104
79
93
92
76
92
79
94
92
93
77
90
87
100
89
88
84
90
75
93
87
96
91
79
147
91
89
102
83
86
142
126
95
95
94
95
66
86
97
85
94
86
85
87
86
97
95
94
107
100
103
100
303
83
85
87
87
87
86
85
87
95
117
142
127
108
118
107
125
67
98
87
86
98
98
97
74
100
114
126
99
123
124
104
100
113
103
104
90
67
74
72
72
209
208
524
304
243
192
88
250
278
375
688
202
166
228
84
302
449
178
106
261
181
198
360
137
95
107
215
157
164
307
161
240
365
92
166
92
90
92
81
96
89
122
95
159
94
112
108
105
121
103
218
117
94
90
89
89
74
98
90
88
209
158
92
103
150
249
147
140
101
80
99
93
394
93
95
99
102
123
110
132
186
124
234
415
632
130
276
129
130
95
105
115
114
115
116
506
105
104
101
112
156
137
137
119
126
125
110
84
90
107
91
103
168
168
115
91
91
112
96
112
110
107
110
116
136
110
83
90
105
107
103
304
176
169
132
239
231
248
227
204
127
136
105
103
95
102
99
193
208
443
116
106
429
2485
89
91
90
98
98
124
109
121
124
229
141
306
107
116
113
109
91
99
99
100
103
123
97
91
102
102
421
377
86
95
201
116
116
114
112
110
79
111
101
100
115
115
111
96
158
91
158
158
94
77
96
93
120
116
99
95
95
80
94
93
134
238
160
97
91
91
90
91
90
77
92
105
137
105
105
102
114
78
91
163
89
90
99
90
91
90
91
91
90
92
79
94
102
103
136
104
297
549
105
104
104
79
89
90
90
91
92
90
91
92
116
545
282
469
201
492
78
78
82
89
95
96
95
108
142
107
108
111
113
89
86
184
90
93
94
94
92
88
91
88
91
92
114
103
78
106
101
109
232
107
110
125
121
79
98
97
99
98
99
112
228
339
318
267
134
125
175
185
187
286
201
81
93
91
92
154
91
85
77
83
80
155
197
322
245
186
105
244
114
113
99
326
116
105
91
101
97
213
132
117
116
115
118
96
80
97
119
210
94
96
95
101
95
106
111
190
126
103
100
128
129
130
128
146
119
123
130
125
117
92
92
82
87
93
90
94
181
234
193
93
157
166
220
177
123
124
138
131
208
71
98
96
98
121
110
150
140
102
104
103
105
105
72
78
93
3790
78
75
83
75
75
76
554
79
105
100
101
102
115
115
103
122
135
104
109
110
67
522
76
89
76
76
76
76
76
77
95
93
95
91
205
108
105
105
118
128
120
121
135
125
120
118
79
91
119
153
90
91
88
90
121
89
105
88
90
93
99
107
105
119
120
118
118
127
132
120
122
118
128
600
79
91
96
203
91
89
89
92
88
90
91
87
106
90
92
112
110
100
110
109
134
135
133
121
133
122
121
54
89
568
88
89
88
90
89
105
90
90
195
91
112
90
101
92
109
110
121
108
210
133
122
146
132
135
121
125
125
79
111
89
89
92
191
107
96
90
93
90
105
102
102
160
122
119
119
116
119
118
117
128
104
115
130
91
131
89
89
88
90
87
91
89
90
95
89
104
106
106
101
168
92
98
310
132
131
94
117
105
104
108
113
128
104
157
172
215
110
117
110
136
132
112
103
128
192
349
79
93
80
78
79
425
144
223
264
265
251
202
208
211
592
109
550
558
177
108
107
110
121
110
120
111
123
116
120
120
121
117
116
91
103
13367
131
1464
182
113
111
121
123
114
120
118
136
123
122
118
130
116
125
129
131
108
127
122
125
127
124
126
129
125
125
122
129
154
155
83
85
205
94
83
80
80
94
94
92
91
93
93
93
101
94
95
117
110
171
122
121
120
113
118
129
158
135
129
124
119
110
67
91
130
91
91
91
91
89
77
86
93
92
77
95
89
79
111
121
104
102
113
105
129
128
126
146
129
133
127
128
137
568
123
128
472
103
94
110
575
212
111
87
97
111
105
102
103
114
583
111
122
111
136
129
131
131
134
130
136
131
117
121
118
128
370
80
103
119
126
218
116
117
256
134
136
132
130
81
593
129
118
103
107
106
107
106
104
104
103
117
187
107
115
93
105
120
94
343
405
175
562
103
105
105
105
117
127
107
105
116
118
123
190
117
120
114
119
130
126
125
189
208
117
129
118
118
79
103
105
108
158
