1428
1450
1821
2436
3057
3442
4402
4673
5105
5824
5898
6400
6861
7351
8380
7294
9369
8374
8572
9520
11176
10207
10424
10792
11245
11654
12420
12474
13089
15625
24880
19560
22237
18473
22640
16470
18790
21090
21737
22756
24729
18556
18941
20431
20738
54705
50362
34932
37356
36070
49190
36104
32014
29721
28586
29201
33278
32280
34508
45161
35956
33916
50952
37574
105645
80484
77173
43309
68283
70477
59737
59280
101640
96777
111026
91678
81081
79408
83240
119704
69757
101773
72392
107391
131565
93179
175229
118981
98365
61530
75726
113321
67247
88091
50567
44646
49651
55400
59575
177019
212207
213765
102494
112961
87790
156663
128033
97246
75507
83393
69336
111055
159960
142072
114866
126051
134785
85230
94185
198503
117581
85731
84032
81933
103683
120913
147322
91555
85510
88038
87236
89449
93900
90832
93158
91225
143477
117586
93649
140099
157534
123504
96218
95853
100374
99870
100378
99146
98902
95659
140140
127266
97212
100667
181164
135995
106726
111266
117522
106155
107949
105574
115404
156883
188715
180163
191161
125163
126040
119651
110707
113398
132866
164970
162162
207051
321756
204398
202137
218294
204631
218568
310377
218479
145137
151705
139278
140165
135820
139799
163110
360052
315073
226852
217407
213521
186770
126720
210008
209105
133816
149352
140777
206228
148758
145833
144452
184049
410744
147232
154063
147521
344734
159346
142648
147603
182569
231546
178410
160607
131773
188192
135653
138927
102711
94798
99482
99184
232705
162995
123565
81853
85878
85802
183856
126917
90193
137549
160010
136427
161767
188375
129010
111734
90592
106851
93853
101044
97318
99072
213531
249540
223886
151271
102169
110120
105649
93591
91549
105344
108739
101179
259832
218876
238931
121287
110087
98946
101829
98336
99542
113207
107221
107201
131944
211477
276346
176120
238059
120644
107849
118655
123157
130485
114847
182999
218419
141816
120319
368306
151604
122353
138197
118205
155639
116406
225404
179327
134690
123202
176808
196055
133122
121451
131632
109672
166556
238875
137544
129605
132148
217697
148745
136046
133411
131206
336450
293330
232976
444402
231486
242892
492314
209112
188712
385781
143842
131255
145076
287165
168826
136700
146250
137583
238316
158810
137478
140720
304074
200509
174835
189880
153096
151740
247682
165495
219238
252600
174727
150872
151113
143013
182965
246809
184561
341692
237694
221604
157303
158513
222694
228837
264443
242452
189496
170353
172851
162231
405150
170723
258610
226469
163970
163339
175431
273506
333561
377435
378957
264466
425605
304539
247744
192299
151748
146645
158943
157810
459325
355801
289311
176297
234094
309120
491345
200757
514565
172159
288338
411717
238536
243681
179126
238897
162491
279072
245988
191087
180749
303012
175396
169276
257143
306367
193370
198560
477836
229048
257219
380620
292723
310329
350208
291793
355146
237094
192089
306093
189732
164736
183414
394589
189278
188117
430587
265316
216001
457640
205474
208441
359377
224294
237784
423617
217275
204116
300610
196293
179053
254279
282051
185709
189924
197882
432928
190612
318659
234346
199598
197426
377526
214876
254257
309414
207482
206361
190983
293211
211270
297389
294920
245119
279342
321671
208436
394206
309483
240117
340841
251358
430076
302799
258434
458399
374649
498706
375281
444062
393169
487379
384126
421696
375148
391588
246405
226323
351077
217876
290677
298312
220258
212197
235654
334033
266492
404270
244686
260628
376192
268042
421952
247796
256536
326239
308931
347964
305480
268622
591212
389737
337729
239018
238373
260538
404300
449724
247999
441441
567322
558236
354576
560090
536610
234181
276679
619546
555473
423575
483776
883475
629970
637967
566723
554220
593028
457130
959823
906330
941842
521396
917800
510492
450150
536748
508708
452051
449157
589694
513145
448859
566114
524537
514018
523944
466104
504787
495464
512117
484443
504090
528425
398261
430727
276718
441320
243598
361266
384880
491459
392846
359981
431559
329209
432858
323657
620253
570832
310278
411368
405369
571485
421257
464498
347677
608036
416422
438150
512017
294886
257123
316355
303976
470566
278844
255239
416750
341454
386910
261897
271534
389197
444113
497620
362820
461117
542481
371200
411257
718581
464563
416708
718356
497285
502611
571694
508165
467609
398148
424016
294018
408166
275087
260113
428890
272640
378670
310800
248689
457193
316068
407439
268917
380288
330498
331912
352170
276613
355209
366020
293041
431637
288937
408782
333274
564919
300456
429083
372980
263259
483736
325102
651756
416841
426483
494513
309469
296303
455016
422362
373585
256555
409792
345956
475372
299088
332205
392116
429039
410053
334839
414647
369549
390322
277485
309453
458129
496401
308152
377175
369528
544930
429008
387714
471959
650887
651889
647584
578246
632464
680004
556915
676793
541107
402967
419993
503894
328592
300185
389174
602857
391006
298123
722486
595987
565950
742345
717598
675007
807936
577586
638365
521476
330781
443783
365470
406357
386846
494887
409747
369748
445026
573170
452131
680274
553644
395544
497218
586430
602273
645774
747359
455492
491487
530653
359326
320711
297323
450045
390360
343097
467064
476144
624358
577513
638367
473936
679028
717941
692320
763243
645135
750783
710920
748602
826052
651202
714297
712505
699312
572727
617096
635083
505579
449547
474044
384850
420572
469787
555617
348320
489214
365428
530804
350023
496869
446112
459940
447066
494434
537853
349659
394843
508320
537401
397488
534554
586126
404240
528274
527060
406567
532334
365189
589280
462425
424850
489814
476810
504972
374638
568453
447083
628174
608421
425045
496943
549779
380629
436695
657104
467700
392600
533037
569152
410355
497753
570789
379847
423921
515222
598410
390444
554771
550375
387467
566905
662978
417893
496007
673960
418048
376363
575974
410948
538701
441279
628080
381557
385343
679174
440540
381387
532198
566567
381483
482168
627097
408831
383592
550014
519671
481306
599213
561934
602792
429175
572393
541942
407293
591127
493130
469744
560587
595569
465208
723031
417168
395182
553464
510883
464113
513071
483049
541715
445062
581154
534757
466823
624909
519671
514366
606269
438249
575911
572842
438209
595645
528108
474071
581168
495195
535193
570499
430395
572033
502343
446682
626639
484987
545574
622225
539228
463898
627969
453524
524374
588399
439896
583032
616751
431048
576848
673211
404880
635237
677265
440635
602501
638954
429570
622212
604524
426955
498793
759601
453926
475127
749122
436276
434895
598597
572426
472932
654981
573190
462075
638277
620729
452341
653505
557121
470367
686541
594010
826840
704543
585312
641527
651593
795494
695990
1081505
820299
1132092
871301
1030550
1088229
856947
994832
631785
728519
436740
411829
852308
489804
860922
712808
1011807
991708
826705
804318
705674
557935
627369
655238
442631
577357
678930
425051
596495
983589
946996
631965
767604
739765
705797
611710
465764
568313
771992
