3629
2340
1985
2163
1752
1791
1728
1998
1738
1707
1713
1667
1742
1673
1660
2171
2031
1858
1863
1830
1824
1824
1831
1777
1817
1879
1976
2134
1917
1961
1863
1847
1933
1764
1799
1892
1833
1820
1833
1897
1829
1808
1813
1973
1852
1852
1868
1918
1860
1808
1805
1801
1795
1784
1799
1957
2032
1885
1823
1827
1961
1859
1847
1933
2864
2230
1868
1927
1898
1912
1867
1848
1873
1850
1894
1901
1892
1905
1896
1854
2023
1922
1865
1829
1855
1860
1880
1994
1901
1953
1840
1846
2119
2743
3544
3570
2440
2020
2196
1938
1665
1678
1668
1718
2064
2681
2490
1991
1922
1955
1860
1856
1907
1882
1981
1883
1861
1913
1955
1910
1891
1967
2094
1929
1888
1925
1903
1876
1897
1869
1863
1859
1822
1856
1923
2021
1831
1833
1864
1925
2053
1911
1890
1926
1902
1878
1907
1898
2062
1890
1882
1822
1841
1837
1916
1842
1914
1913
1936
1869
1909
1967
1895
1980
1943
1973
2092
1861
2015
1932
1852
1928
1847
1900
2053
1928
1903
1982
1898
1913
1938
1901
1894
1936
1940
1748
1876
2093
1903
1896
1877
1867
1899
1904
1928
1879
1824
1868
1867
1888
2027
1970
1878
1916
1957
2145
2178
1969
1785
1829
1871
1872
1854
2049
1902
1854
1889
1877
1816
1896
1811
1897
1862
1793
1846
1843
1865
1910
1937
1868
1839
1937
1937
1944
1896
1884
1883
1797
1852
1999
1900
1887
1873
1922
1797
1849
1899
1868
1885
1874
1934
1980
2102
1781
1912
1884
1947
1919
1907
1873
1868
1897
1846
1879
1929
2030
1930
1877
1884
1826
1879
1882
1857
1874
1944
1892
1877
1850
2070
1969
1916
1876
1983
1909
1903
1856
1954
1893
1838
1882
1830
2038
1925
1960
1928
1855
1972
1884
1911
1940
1922
2139
1773
1855
2008
1920
1897
1973
1946
1943
1897
1809
1837
1847
1895
1852
1901
2005
1878
1887
1830
1908
1916
1920
1858
1865
1905
1871
1999
1902
2020
1931
1882
2001
1912
1876
1958
1906
1965
1853
1924
1908
1819
2002
1874
1844
1832
1839
1893
1847
1869
1822
1820
1780
1908
2030
2109
1893
1844
1840
1872
1869
1824
1821
1868
1928
1966
1865
1908
1964
1901
1893
1927
1852
1857
1823
1838
1845
1924
1922
1933
1990
2086
1871
1839
1825
1974
1877
1939
1869
1931
1883
1893
1940
1887
2132
1824
1819
1868
1822
1827
1875
1859
1879
1911
1832
1932
1974
2121
1945
1922
1910
1883
1889
2048
1934
1920
1854
1824
1874
1997
2018
1959
1766
1817
1881
1910
1939
1875
1872
1893
1932
1943
2018
2018
2141
1838
1848
1846
1886
1829
1862
1890
1811
1833
1800
2006
1825
1875
1920
1881
1840
1921
1912
1829
1811
1882
1874
1886
1944
1853
1984
2119
2000
1948
1745
1784
1869
1808
1869
1899
1880
2015
1892
1793
1912
1870
1976
1970
1863
1884
1857
1776
1865
1846
1992
1927
1962
2167
1978
1890
1935
1959
1928
1947
1961
1830
2035
1868
1905
1917
1912
1897
1885
1951
1928
1861
1880
1881
1830
1959
1906
1814
1775
2148
2062
1839
1900
1940
1930
1896
1878
1876
1976
1805
1857
1916
1931
1939
1885
1857
1861
1910
1870
1879
1916
1973
1931
1853
1801
2068
2118
1904
1805
1829
1803
1882
1923
1911
1956
1920
1883
1964
1908
1871
1864
1816
1839
1850
1861
1871
1878
2076
1930
1919
1891
2187
2148
1911
1877
1823
1902
1889
1961
2234
1885
1904
1851
1869
1833
1884
1903
1942
1944
1863
1893
1948
1986
1957
1884
1810
1896
2227
2080
1890
1800
1853
1875
1948
1911
1988
2015
1933
1836
1947
1942
1880
1806
1869
1798
1946
1847
1904
1891
1878
1882
1872
1928
2244
2139
1905
1876
2029
1857
1847
1893
1867
1946
1887
1973
1982
1859
1855
1870
2015
1907
1861
1852
1860
1828
1867
1852
1942
2042
2197
1939
1931
1963
2056
1994
1936
2038
1960
1885
1896
1947
1949
1944
1987
1873
1844
1830
1827
1873
1834
1878
1858
1992
1949
2194
2125
1888
1948
1956
1861
1813
1843
1851
1899
1901
1901
1867
2176
1992
2073
1865
1956
1943
1808
1871
1922
1896
1932
1907
2196
2216
1951
1800
1797
1873
1992
1865
1806
1879
1876
1852
1887
2016
1931
1990
1943
1914
1923
1895
1877
1862
1956
1803
1893
2179
2150
2100
2180
2397
3162
2673
2484
2108
2182
2208
2720
2077
1921
1918
1875
1850
1824
1890
1870
1926
1822
2091
2033
2018
2178
1943
1834
2262
1817
1870
1952
1815
1878
1808
1870
1935
1936
1834
1889
1902
1833
1889
2024
1925
1861
1887
1985
1967
1900
1894
1810
1797
1951
2004
1966
1886
1857
1939
1873
1914
1874
1802
1918
1934
1879
1825
2081
1919
1919
1869
1678
1792
2131
2081
1866
1804
1850
1896
1982
1941
1885
2038
1951
1900
1905
1908
1936
1889
1860
1921
1931
1834
1868
1922
1907
1962
1913
2146
2076
1822
1857
1900
1995
1905
2011
1874
1901
1940
1907
1868
1927
1903
1961
1997
1933
1958
1906
1876
1870
1964
1844
1928
2170
2197
1959
1932
1889
1925
1935
1917
1913
1866
1946
1914
1939
1988
1901
1946
2012
1840
1862
1905
1918
1887
1783
1995
2231
2226
2248
2144
2089
1886
1830
1848
1829
2089
1953
2002
1865
1937
1874
1928
1911
1923
1909
1827
1872
1845
1852
1863
2229
2191
2239
2181
2165
2685
2274
2492
2334
1805
1866
1900
1975
1902
1773
1783
1938
2429
2137
1852
2014
1938
1912
2183
2285
2111
2180
2164
2239
2136
2264
2406
3840
2594
2010
2036
1828
1740
1865
2242
1669
1786
2218
1874
2037
2109
2103
2331
2327
2388
2153
2137
2150
2198
2273
2233
2390
2216
2522
2262
2226
2647
2790
1928
1941
2162
2474
1948
2368
1960
2045
1998
1928
1870
1872
1880
1906
1892
1856
1826
1853
1845
1980
1959
1905
1914
1839
1905
1798
1845
2402
2405
2455
2450
3718
3050
3426
3312
2022
3241
1792
2000
1907
1879
1854
1875
1848
1929
1851
