1812
7326
16922
29532
46431
66772
91151
118740
150209
185607
224007
266132
310529
363086
415996
473114
531900
595885
666310
740856
817648
891286
979838
1064330
1153730
1250008
1346289
1447688
1557372
1662327
1773908
1890904
2014852
2136532
2270405
2391885
2525849
2666188
2810250
2954337
3093541
3257056
3413668
3572190
3740941
3915587
4084514
4260302
4431896
4610832
4801176
4989789
5180988
5366770
5595522
5800565
5999691
6197013
6421836
6642701
6858849
7073183
7329222
7547041
7782984
8034434
8282275
8526889
8771400
9024856
9281901
9554062
9828370
10111010
10380073
10632460
10934992
11238377
11515363
11799786
12106839
12427087
12686652
13021476
13323113
13642276
13953049
14270961
14591099
14955878
15279589
15624074
15928344
16268168
16618302
16997554
17348672
17670115
18058228
