12429
30350
53995
84363
104087
116088
242568
353984
259950
412791
515561
579402
637248
541997
403685
446824
513322
548732
630260
690309
745318
988294
941639
1058564
1049978
1160082
1244206
1362371
1435568
1623020
1548303
1769762
1892108
2099067
2059795
2232654
2311707
2383608
2638730
2705473
2804690
2890101
3042920
3288114
3349507
3511421
3617597
3767729
3903210
4034411
4359527
4618094
4507435
4733141
5320985
5146961
5558894
5412852
5583912
5733340
6532814
6448377
6485885
6572460
6823369
6978781
7382208
7452921
7596450
7800353
8108993
8169210
8349259
8725282
8889418
9040607
9415501
9603891
9887785
