603
1168
2217
2098
2595
3173
3670
4429
5291
5166
5406
5858
6435
7436
7757
8426
11098
9237
9562
10121
10169
10676
11064
11681
11259
11400
12216
12682
14183
14245
15304
15784
19290
20928
21108
16127
16518
16845
20423
17654
18043
19727
19464
19653
20327
21190
20937
20937
21643
21981
22697
22728
23762
23911
26352
27508
27474
27871
29168
28923
27809
26994
27361
29690
28281
30458
29442
30032
30405
30702
31670
31718
32061
33077
32516
33512
33900
34163
34620
35118
35426
36020
36693
37333
37225
37736
38223
38796
38729
39551
39971
40014
40925
41128
42091
41941
42425
43082
43329
44046
44312
46983
45250
46022
46550
46344
46782
48464
48086
48416
50596
49108
49725
50793
50827
51147
51879
51944
52400
53460
53225
54090
54385
54750
55701
55644
56078
57348
57038
58010
58338
58568
59625
59610
60102
60567
60689
62147
61818
62218
63018
63298
63965
63966
64465
65349
65326
65788
72407
67774
68009
68026
68650
68694
70543
70935
70537
70214
71814
74723
72888
72293
72535
72911
73899
74058
75124
74967
76031
75758
77075
76942
77989
78787
78727
78999
80386
81201
80574
80794
81389
81719
82457
84013
83443
84582
84101
84687
84408
85981
85559
86133
86847
87230
87569
88465
89221
89326
89568
90196
89899
90869
91097
91045
91975
92572
93338
94192
93781
99517
101369
96835
95996
96750
96756
97328
97863
101638
101964
99182
99658
100207
100403
100955
101765
103985
102658
103407
103129
104150
104374
104758
104813
105363
105634
106471
107210
108397
108131
108453
108145
108800
109284
109970
110238
113048
111071
111757
111807
112310
117319
114012
114733
114405
115398
115223
115531
115931
117291
117049
117599
118636
118054
123719
120625
120192
121099
121884
121639
121494
122632
122970
123604
123914
124077
124698
127770
126218
126273
126495
127140
127562
128438
128662
128357
129004
130438
129968
130870
133445
132656
131884
132026
132658
133295
133888
133973
143123
136115
137499
139774
138267
148033
139588
139399
139994
138899
139187
141151
140189
141042
141442
142691
142738
149494
143619
143544
144457
144084
145436
145179
147899
146832
146752
146750
147708
147934
148356
148781
149458
149796
150248
150581
151602
153506
151900
152578
160021
159816
153824
154240
154627
155708
155937
157806
156467
157745
157655
158128
162404
158628
160060
160961
160151
160796
160675
161774
181476
170816
166462
166011
168097
165246
170270
171197
165596
171304
166979
173379
171246
169279
169219
170590
173109
179240
184905
182265
175026
174789
172140
172758
172731
173436
175371
174510
175257
174970
175363
177288
176587
178692
178539
178114
177944
179420
179164
180015
184361
180750
182508
182842
181472
182826
184087
183716
183964
185426
185400
185444
185756
186461
186591
187254
188190
189162
188587
189182
189716
189927
190824
190794
192043
199270
194365
197546
194180
196144
194740
194262
196420
195310
195950
196600
196614
197627
197502
198003
202912
200096
199601
199250
201015
200735
201497
201679
202051
202311
204097
203745
206682
207214
207588
205744
205588
207086
207252
207093
207514
208734
208666
209022
210986
210025
209773
211245
211961
211496
212266
212716
213151
215132
214218
214450
220904
220176
216135
216580
216813
217549
218247
220529
218616
220862
222016
221487
221218
220788
221561
222096
222486
223084
226260
233457
226194
225376
227489
233225
228527
225971
226543
227604
227820
228166
231735
229680
230921
234133
233187
231776
232598
232455
232600
233658
234267
239248
235618
238233
239933
240024
236401
237248
237800
238349
239070
239249
241529
240674
240836
241455
240922
243063
242209
252944
243156
244109
247452
247148
246703
246969
253818
246123
247436
258581
247641
248306
248449
248952
249815
249502
250878
250521
249916
255564
252806
263416
255109
253598
262081
261669
258719
254720
255389
257291
257837
257546
257734
258300
258707
259366
259222
259482
260696
260586
261502
261844
264152
262195
264349
267085
266632
264575
265852
264971
267044
266659
267285
266958
268207
271600
269477
268810
268981
275750
272564
271747
271127
272532
277585
273047
277245
273844
279682
275221
275580
276656
275513
275945
277233
278892
282497
279618
279199
278694
279660
281286
295505
282072
281393
281889
282264
282871
286465
284469
283531
286446
286024
288723
287954
288026
289012
290480
288661
289079
294391
289527
290095
290961
299305
292368
291746
292267
292363
293858
296100
294054
295130
296797
296078
297890
296953
307787
297149
297264
306144
298424
300047
302039
301827
300464
303973
303580
302624
302172
302506
311494
303168
311234
308338
305321
305942
308792
307570
307128
307833
308653
314410
312098
309602
309281
310595
311525
311859
311055
315084
319357
314312
313215
313165
314620
321086
316828
316486
317468
320634
323126
320056
318266
317655
319850
318875
329610
320622
322049
321188
322298
323822
337151
322725
324194
326072
323615
324007
328150
327594
329131
327418
336026
328807
328079
329323
332501
330094
330849
340160
334151
332638
334060
335440
335106
334234
335515
340758
338003
338563
336872
336312
336674
336119
347054
363834
338773
337706
340108
340175
340447
344494
345899
341683
344320
343325
341416
344146
343319
346415
344532
345159
344979
346899
346105
348241
348360
353112
348007
353295
349331
350967
357801
353255
351285
351469
352377
353275
353066
354259
355134
357779
361748
356413
355786
355590
356894
357997
357581
359981
359045
359016
359941
360641
363100
361077
368605
361462
368691
365754
401333
371000
371490
373562
368614
365182
364955
366735
366858
369884
375659
370910
368725
369223
373744
372949
377907
371966
372859
377943
389509
374853
383114
375889
381594
375438
377158
376184
378642
377884
377937
382092
377648
378215
380027
379782
378567
380154
386788
381321
380646
386059
382390
383111
382855
382637
385714
386473
386490
387489
389186
389324
388155
389852
391321
388196
389809
389177
390255
393484
391991
391434
393124
396812
395414
394160
398815
393289
397163
395331
395935
397176
399456
398570
399064
397493
408436
402107
400701
400264
399511
401391
402263
403025
402360
404897
405023
403346
403948
409659
408347
410076
415556
406762
408129
411127
410235
408670
415064
410194
411362
410469
414447
411867
411539
413356
413589
416332
413143
415988
414456
416557
413680
415392
420064
427631
417642
417509
420206
421922
424926
423285
424073
447109
420142
423576
427459
421604
423208
429200
429140
431554
424870
425693
425506
426037
427962
426564
437834
428863
428395
430631
436759
435429
440236
430919
430903
433481
431830
432814
440071
433604
435297
434741
435382
436749
436672
445658
436235
437606
437043
441133
444760
451946
438269
440361
440823
441494
441832
498028
445364
450644
447936
444020
445581
445240
449012
472674
443971
446337
448212
449416
449237
457958
454202
452857
450389
449258
451608
451431
451514
453801
451948
452977
456102
456631
454827
456564
457584
455208
458068
457149
456735
456888
462330
479977
