1671
1524
1530
1579
1518
1485
1471
1595
1505
1478
1478
1499
1475
1472
1498
1466
1474
1510
1549
1480
1480
1463
1480
1459
1490
1502
1534
1502
1481
1471
1469
1460
1463
1469
1474
1465
1453
1482
1467
1538
1464
1466
1458
1607
1477
1475
1459
1459
1552
1464
1459
1459
1469
1452
1462
1497
1475
1475
1468
1481
1456
1460
1470
1471
1477
1464
1505
1551
1476
1486
1524
1484
1463
1516
1476
1474
1484
1485
1478
1472
1485
1461
1471
1460
1495
1466
1476
1465
1469
1461
1468
1472
1470
1471
1461
1460
1466
1469
1463
1476
1465
1470
1508
1471
1468
1474
1495
1539
1464
1473
1463
1489
1507
1468
1467
1496
1466
1468
1456
1472
1454
1466
1466
1469
1465
1458
1465
1460
1458
1463
1444
1478
1469
1481
1470
1471
1483
1471
1474
1460
1474
1526
1486
1485
1467
1464
1465
1472
1468
1487
1464
1462
1469
1483
1469
1471
1463
1464
1474
1462
1528
1476
1467
1468
1468
1471
1468
1466
1455
1471
1470
1471
1464
1471
1519
1644
1476
1482
1477
1479
1463
1476
1479
1471
1483
1463
1477
1482
1461
1464
1462
1456
1458
1453
1475
1453
1514
1464
1463
1471
1463
1466
1470
1459
1470
1471
1459
1466
1586
1616
1491
1465
1477
1483
1481
1507
1527
1475
1471
1462
1464
1454
1458
1492
1480
1472
1468
1463
1463
1468
1474
1931
2171
1639
1603
1686
1671
1734
1491
1467
1484
1501
1521
1472
1466
1486
1538
1478
1470
1548
1480
1527
1516
1523
1524
1510
1553
1467
1481
1481
1475
1474
1492
1468
1464
1466
1458
1468
1459
1473
1468
1484
1470
1477
1476
1464
1505
1467
1478
1463
1477
1459
1483
1460
1464
1473
1477
1483
1467
1468
1468
1487
1471
1466
1452
1467
1465
1469
1462
1445
1473
1476
1466
1475
1463
1482
1466
1485
1527
1466
1512
1461
1459
1465
1474
1461
1469
1455
1464
1504
1465
1463
1465
1476
1467
1483
1473
1466
1492
1466
1482
1467
1457
1464
1474
1466
1459
1500
1477
1471
1462
1468
1467
1467
1521
1535
1462
1457
1468
1470
1480
1488
1467
1465
1466
1486
1474
1477
1468
1464
1459
1475
1461
1469
1461
1472
1473
1465
1472
1472
1460
1484
1461
1473
1533
1469
1461
1464
1516
1462
1480
1479
1507
1462
1466
1469
1480
1479
1469
1465
1473
1466
1460
1467
1458
1475
1462
1718
1485
1466
1469
1476
1469
1473
1460
1465
1475
1467
1459
1470
1463
1470
1510
1471
1461
1474
1468
1485
1460
1468
1527
1460
1471
1463
1478
1465
1465
1465
1460
1473
1477
1474
1465
1461
1465
1476
1458
1467
1469
1461
1470
1465
1474
1483
1457
1468
1529
1466
1478
1467
1467
1474
1464
1470
1458
1469
1459
1463
1475
1464
1478
1479
1466
1476
1474
1475
1510
1479
1496
1473
1473
1468
1467
1474
1472
1475
1463
1479
1462
1477
1501
1465
1472
1464
1462
1494
1476
1460
1486
1467
1461
1473
1471
1464
1533
1461
1475
1468
1466
1468
1483
1456
1465
1467
1465
1461
1480
1462
1460
1464
1481
1472
1468
1477
1546
1464
1457
1456
1471
1466
1467
1472
1467
1463
1484
1467
1484
1462
1483
1475
1463
1463
1466
1478
1464
1457
1474
1472
1471
1470
1455
1462
1472
1467
1465
1472
1476
1473
1521
1483
1500
1463
1474
1457
1456
1466
1459
1472
1462
1463
1468
1461
1463
1458
1479
1465
1463
1466
1487
1473
1463
1467
1470
1480
1455
1463
1478
1464
1465
1468
1458
1461
1541
1480
1467
1466
1483
1477
1458
1470
1472
1467
1459
1475
1463
1468
1459
1463
1475
1479
1473
1467
1470
1470
1463
1463
1463
1461
1464
1472
1468
1472
1464
1470
1466
1471
1502
1467
1471
1481
1468
1466
1475
1469
1464
1461
1471
1467
1480
1458
1469
1517
1488
1466
1469
1463
1475
1474
1467
1465
1466
1462
1462
1460
1472
1466
1707
1470
1472
1466
1517
1470
1472
1473
1454
1459
1464
1463
1462
1484
1487
1469
1479
1471
1470
1459
1473
1482
1457
1471
1469
1458
1457
1459
1464
1455
1463
1467
1459
1465
1462
1537
1460
1472
1525
1493
1470
1466
1462
1453
1458
1468
1455
1514
1468
1461
1479
1463
1483
1463
1467
1469
1469
1459
1458
1467
1460
1471
1481
1479
1457
1461
1467
1456
1466
1458
1476
1472
1502
1468
1473
1468
1467
1471
1463
1488
1485
1516
1491
1507
1632
1496
1477
1474
1467
1466
1467
1467
1471
1460
1463
1460
1461
1462
1533
1471
1461
1480
1473
1462
1459
1480
1510
1466
1458
1552
1458
1460
1459
1461
1481
1481
1472
1460
1470
1471
1483
1504
1477
1480
1462
1463
1467
1478
1466
1478
1466
1460
1456
1456
1481
1465
1469
1482
1473
1460
1507
1474
1461
1466
1465
1462
1485
1503
1483
1469
1477
1474
1459
1475
1465
1486
1464
1467
1476
1470
1465
1471
1463
1462
1464
1460
1466
1461
1454
1458
1464
1500
1476
1465
1533
1493
1465
1465
1472
1471
1498
1459
1462
1466
1468
1459
1490
1482
1500
1467
1500
1476
1475
1468
1472
1463
1465
1457
1489
1474
1462
1463
1466
1467
1467
1474
1461
1480
1514
1468
1465
1470
1482
1467
1457
1466
1469
1463
1466
1471
1551
1468
1466
1467
1463
1463
1467
1467
1472
1459
1471
1457
1474
1490
1457
1463
1459
1474
1470
1506
1464
1469
1524
1470
1487
1469
1488
1467
1473
1470
1467
1472
1475
1476
1461
1464
1472
1470
1468
1472
1468
1493
1462
1471
1460
1472
1475
1471
1476
1471
1472
1465
1466
1471
1471
1561
1526
1476
1460
1488
1479
1466
1477
1462
1455
1475
1462
1462
1471
1494
1461
1461
1472
1532
1476
1476
1468
1471
1463
1477
1455
1469
1464
1491
1464
1491
1510
1472
1468
1483
1514
1479
1490
1469
1464
1471
1461
1468
1469
1462
1500
1456
1465
1470
1466
1460
1467
1462
1468
1467
1472
1463
1461
1468
1472
1462
1466
1455
1463
1470
1466
1482
1474
1465
1509
1481
1454
1466
1458
1473
1473
1475
1458
