167
563
1051
1733
2799
3998
4823
6409
7780
9359
11432
13034
14910
18378
19589
22047
25194
26472
28001
31325
34622
37131
41106
48423
53270
55169
59243
64331
70176
67898
74080
77570
82128
88312
91480
98183
104417
107508
112795
118632
122753
129555
136565
142711
149875
161651
162621
169336
177305
183819
191211
200031
206441
214577
221476
228635
238922
246094
254638
263798
269450
286968
293928
302075
314122
311947
327102
334864
346389
357936
365168
381802
394642
399720
408153
419705
431761
440050
460193
471880
485521
498140
500009
510065
521320
539350
551618
563718
570435
584552
600961
607884
622129
639764
658076
677300
690528
695564
712490
717968
740208
751555
771113
789555
804804
809856
830184
844518
867403
882664
890470
917521
924049
947390
966883
972386
986478
1004190
1021075
1041683
1063728
1074760
1091111
1153219
1131430
1158447
1161985
1187351
1201366
1212731
1248619
1276969
1280864
1292844
1303257
1342116
1356466
1366844
1391862
1399718
1441643
1449674
1463923
1486623
1521249
1542467
1553259
1572845
1603421
1618782
1651244
1649181
1706140
1709865
1722728
1753240
1780325
1792304
1827037
1825062
1852798
1880373
1906385
1943934
1947819
1965138
2046856
2010427
2081133
2058279
2099269
2091430
2134685
2159358
2176161
2201699
2265030
2255989
2299507
2322818
2344105
2364758
2379629
2419148
2426395
2483676
2497751
2595914
2553770
2624858
2612486
2631582
2645726
2680833
2707810
2740223
2800290
2821070
2838890
2869863
