1958
7999
16030
32347
46972
63907
84480
130297
155967
184289
224726
255477
303881
336078
372181
518348
559089
621654
669810
746202
839850
894995
948182
1026070
1080266
1216116
1279655
1339803
1437681
1482134
1976995
2071113
2160698
2243243
2361293
2495251
2607097
2670412
2864881
2968763
3262660
3355159
3464852
3592531
3686564
3775346
3946779
4058287
4203699
4311003
4430685
4862619
4979613
5090902
5262928
5336076
5518261
5705485
5784748
5926989
6059875
7907925
8056927
8308629
8397216
8639865
8778347
8929240
9103698
9478643
9665585
9950436
10205605
10409956
10517315
10679706
11260939
11499620
11696539
11878658
12140612
13080855
13250587
13474036
13645188
13860139
14043635
14293117
14501886
14718315
14961044
15127877
15620543
15816191
16008215
16217348
16496576
16770102
16914740
