28354
62906
136486
268714
435898
581483
615371
742996
723972
776897
1233667
1075704
1080721
1502382
1516293
1852188
2383145
2684642
2688555
2914539
3313330
3521116
3944513
4457286
4152621
4533592
4688456
5215048
5302138
5346504
7072173
7804859
8615424
7523755
8572385
8716119
8670369
9271483
10165077
10170941
12092919
11985421
12715602
12667324
13298846
13252874
14214589
14076706
14266682
14801494
15551688
17895466
18049817
18339405
18584689
18322069
23112946
25623771
28366556
22422291
21294386
27029233
30630197
29334203
28543847
33231960
32250712
33222755
31472524
32179787
34018848
36183565
35608083
35653203
38145202
36067020
38598853
42059165
40316247
40730996
42625551
43779784
45527564
47473488
47301165
47306051
49287354
49765192
50695587
50601507
51821629
53112884
53122010
55830908
55117284
56645437
56426647
57828637
59701135
