10878
26838
51417
80940
128778
151123
198138
248024
295043
356446
430217
554054
568976
642973
740740
836662
952684
1060135
1158627
1286049
1378913
1603864
1679980
1860407
1972265
2156664
2302519
2514782
2675295
2808880
3009832
3157507
3447485
3594451
3861439
4105760
4190652
4448691
4661078
4869140
5027477
5398607
5651172
5896431
6157610
6387801
6754849
6966958
7236714
7569004
7850567
8141346
8437652
8936860
8998402
9415367
9599667
10010902
10352559
10659351
11089004
11499885
11784305
12182044
12519947
12961350
13243902
13582752
14051481
14525486
14865400
15211413
15807575
16740216
16648353
16919513
17474587
17780763
18327162
18825889
19290585
19729029
20164397
20637843
21069001
21749814
22176826
22583774
23109422
23563193
24089118
24642047
25196083
25834683
26329288
27486276
27417321
27994287
28539667
