1407
5733
12602
22021
34555
49450
66531
87444
110655
134890
163417
193564
229001
266552
304484
345163
390281
434251
486347
540669
594114
648644
709745
772690
841344
909252
977671
1054350
1125635
1204644
1287581
1374429
1458103
1544748
1639746
1740334
1830896
1934700
2038706
2146511
2253206
2353434
2468036
2585614
2708138
2829782
2950028
3083277
3214891
3336820
3479698
3614337
3763447
3873168
4033577
4180107
4340824
4484463
4631877
4813232
4948860
5130943
5306566
5457191
5637433
5810215
5985314
6173443
6343230
6515784
6710994
6898725
7102743
7296245
7496724
7683129
7875713
8143249
8314880
8536768
8721891
8965674
9189745
9428192
9627917
9846831
10093428
10268292
10551344
10800473
11032428
11260141
11537699
11777068
12034493
12296828
12535129
12726808
13042847
