1308
1429
2420
3543
4573
5548
7052
9082
11519
13677
16140
23198
25196
25162
30679
30964
32799
37181
39742
43445
48974
58050
60671
61821
67450
71193
83114
84516
87877
98693
108468
108569
111945
126649
133693
137696
136117
148747
153408
156763
167975
173313
181612
189145
203520
207857
215193
222377
231924
242968
250469
258792
271454
281433
289558
301410
310880
317965
331059
341418
350047
363093
370299
383754
396724
408377
423194
433614
445926
455754
487096
481110
492212
507714
519556
535351
545927
563508
579679
600480
604097
619448
628810
649350
673206
708812
694857
716724
736211
738940
786503
772024
786647
802908
823979
839153
854804
871145
891767
911942
931346
944888
956519
981749
994433
1024545
1042665
1064315
1099418
1102614
1114180
1141098
1160441
1178785
1188045
1254254
1232204
1261221
1273040
1302270
1326656
1343266
1367284
1899376
1627908
1445226
1444709
1490758
1513651
1518055
1551053
1575628
1586035
1621067
1632593
1712629
1816493
1931096
1793295
1762258
1808556
1807732
1836127
1855490
1871842
2135605
2400786
2030500
2002429
2003465
2046852
2052609
2090290
2126517
2146041
2180071
2193925
2247587
2264084
2288913
2304710
2339583
2359858
2395889
2415013
2448884
2486637
2505211
2536378
2560665
2580648
2642725
2649177
2682444
2712795
2745841
2768510
2817416
2854995
2881552
2895992
2950309
2956228
2988949
3023915
3054471
3084614
3146336
3149512
3190138
3219729
3244240
3309802
3320651
3356738
3381842
3454147
3459874
3511099
3529385
3566176
3605539
3625824
3667786
3695415
3790821
3775133
3800059
3843601
3883378
3954256
4107003
3986411
4028153
4060558
4125145
4138762
4171187
4248037
4248642
4346651
4336236
4387696
4668424
4445383
4499695
4502397
4573774
4586761
4635581
4710184
4739695
4789268
4820624
4858869
4868355
4924893
4984683
5016575
5037938
5119522
5157186
5209044
5244060
5266517
5324670
5370988
5413513
5433694
5478046
5549146
5553314
5603737
5653415
5687146
5733607
5844555
5837118
5900894
5957178
5976976
6007034
6023930
6120498
6119466
6177560
6261215
6278982
6303917
6780127
6471548
6465694
6585373
6573165
6631664
6659007
6714815
6733193
6800960
6851075
6897721
6957396
6987617
7019465
7780846
7165638
7200890
7364442
7344069
7342084
7420109
7517257
7495594
7548369
7589478
7653862
7676410
7759993
7787658
7838553
7892738
8019486
8012670
8091733
8100671
8148977
8218577
8276518
8338041
8376816
8437913
8473295
8525239
8641472
8665350
8741193
8733969
8786357
8859069
8929661
8972547
9023218
9162036
9153011
9194172
9303962
9286728
9336055
9487194
9538604
9511121
9610092
9633526
9714094
9782952
9892673
9916754
9958702
10018071
10108598
10137004
10167406
10212413
10298695
10333154
10481177
10462746
10536454
10573145
10728875
10710815
10782986
10802361
10909555
11007620
11070829
11116922
11163964
11201277
11267113
11397573
11423094
11470692
11552836
11596505
11650246
11727662
11784236
11841952
11954747
11996270
12041599
12145287
12169650
12226744
12290800
12361857
12444328
12499833
12568899
12779446
12810552
12895689
12954263
13070027
13211072
13241516
13222943
13281418
13374363
13337146
13425043
13456088
13483336
13747593
13634475
13722534
13742206
13926729
