725
662
1220
2066
2944
3607
4894
8447
10150
10013
10482
13165
14302
16555
22228
30678
28385
26665
26172
28185
30346
33373
40886
41077
41730
44521
47103
51341
53392
71039
63534
63781
68432
71619
91461
78783
84409
89908
94025
95890
102292
111122
111353
121432
130608
125407
135459
135032
160939
149887
153193
159496
165998
175127
174425
186611
189759
195957
201219
209366
216254
227117
236384
263516
252954
258441
282466
274105
283405
292345
304141
298196
299922
309528
319244
323527
329286
359211
354500
356239
370393
378929
419404
397872
413834
415689
419396
447002
439601
447384
462701
471103
472229
490196
496585
502947
517429
525490
535199
546172
579306
578404
582583
593485
599708
641421
620613
634147
647242
656855
667840
684086
695030
712546
722394
760028
771109
786981
800577
812292
827655
840189
874742
902888
915802
890977
870687
874605
904630
911587
917474
992247
951087
973877
974376
993661
1020366
1030157
1060415
1058215
1074336
1077591
1142331
1119052
1156567
1286477
1347660
1277306
1306577
1559860
1477446
1344652
1355573
1343561
1469551
1428164
1410548
1413849
1468276
1487143
1717866
1512467
1529459
1569564
1576585
1653424
1576788
1636321
1602360
1609841
1600851
1651403
1661618
1727638
1727885
1702465
1672782
1683757
1718910
1743825
1766127
1826580
1785528
1787417
1811208
1837020
1860482
1878709
1883744
1936305
1925048
1961005
1968018
2007436
2009427
2043928
2063633
2073052
2107655
2133542
2157134
2169719
2245831
2293917
2297070
2395949
2392173
2403296
2396065
2421821
2472941
2484522
2525105
2457394
2509625
2552014
2554569
2570387
2665391
2584782
2624115
2581139
2619521
2638486
2857624
2759058
2781396
2776859
2777044
2863509
2813535
2861793
2855765
2881421
2895374
2934154
3028840
3019828
3029014
3056980
3037606
3047778
3097509
3107700
3156651
3230911
3192116
3214487
3243033
3295497
3304452
3309983
3333942
3366320
3382849
3448271
3459654
3475475
3486346
3529082
3568002
3585751
3628640
3657071
3652460
3731981
3725148
3737327
3764824
3789680
3818744
3880724
3984537
3917488
3940366
3946815
4017191
4043476
4038838
4137767
4129989
4130284
4220694
4194002
4216779
4262766
4300831
4344888
4334800
4377169
4411635
4441604
4467688
4496565
4564286
4536336
4618400
4624088
4694871
4684381
4776971
4767628
4757055
4785780
4838187
4858191
4880266
4941780
4967766
5166442
5006655
5062190
5090760
5128572
5185013
5169003
5243081
5232187
5262293
5323468
5378598
5431119
5509136
5497445
5591060
5500269
5577227
5588224
5617865
5653772
5711062
5735014
5745279
5751760
5814978
5840599
5843100
6922524
5978477
6059724
5991805
6078683
6257320
6118422
6185687
6213686
6193539
6292962
6316266
6464742
6413854
6438015
6427434
6441583
6632369
7163728
7243605
6728974
6753560
6760960
6746299
6787749
6839092
6858555
6886236
6980529
6986035
7066119
7356597
7198472
7118313
7132489
7369887
7257433
7303624
7291648
7376512
7366562
7930730
7487452
7524308
7529562
7547286
7639082
7644767
7706414
7801159
7802358
7822210
7861149
7889800
7986416
8016003
8025066
8116974
8096671
8179826
8183663
8201326
