884
1110
2046
2995
3110
4324
5047
6747
7997
9203
10621
12386
14283
20028
23648
21384
23155
25247
29256
32198
35228
35023
36313
38706
41709
47908
51055
59076
57310
57993
62111
71673
82951
72764
76590
88818
93639
93141
106654
105645
107756
111023
114086
116551
123840
128564
132015
145899
168226
154674
154765
160068
168019
172299
177827
188911
191226
206077
200055
214304
221754
219633
233903
241034
250971
248885
262667
274007
274065
280717
288671
297452
302923
314361
318588
328192
334809
339305
356789
358691
365745
383434
388866
406155
403947
427335
423017
433796
444207
444307
469236
497936
480939
495319
496464
512022
525862
525688
557400
551245
582885
587851
590778
606255
609778
623380
624798
646110
655605
674224
678760
703953
721209
711009
733183
741968
755330
768561
781818
793565
793957
807100
822758
841052
859628
864767
880150
885030
915068
928122
949246
982976
1023521
1005589
1129010
1013971
1028315
1026654
1071535
1055243
1081315
1102096
1114854
1135114
1155150
1156761
1184673
1179121
1198763
1219685
1234561
1241415
1279405
1283357
1300243
1306448
1322349
1349604
1362571
1390899
1387809
1459235
1435847
1455448
1531361
1513546
1524151
1525698
1546713
1595997
1603084
1614421
1636745
1651151
1678386
1685838
1699448
1734309
1735059
1754444
1789299
1841505
1816174
1827021
1875102
1870583
1922029
1914670
1914253
1967031
1973026
2004197
2050713
2074058
2041876
2073563
2088762
2129524
2148118
2156139
2165326
2212228
2205724
2227154
2270927
2278465
2327994
2389753
2355022
2367325
2417262
2509327
2447911
2476729
2486287
2524287
2514113
2530738
2550713
2612643
2634943
2619505
2738935
2700735
2750573
2737286
2760723
2836153
2796433
2816212
2855921
2873035
2883558
2943807
2926095
2975722
2967143
3035446
3101211
3085832
3074621
3089579
3141744
3139889
3204078
3201116
3210652
3253048
3302745
3314413
3421286
3387702
3446579
3548415
3700440
3548411
3516605
3515044
3547898
3602970
3614068
3640462
3653166
3793918
3726359
3837745
3819812
3789103
3813775
3859375
3882404
3945639
3920965
3984272
3993415
4014108
4065667
4069216
4121643
4159881
4232677
4265517
4262087
4269371
4287315
4307047
4351568
4376734
4434210
4424589
4464578
4524676
4563143
4568788
4613318
4712844
4708615
4700832
4740484
4736786
4771682
4802623
4801675
4885866
4910568
4965422
4976809
5064016
4993943
5111036
5103282
5180808
5158877
5178233
5202616
5248924
5324529
5361860
5364039
5404704
5401161
5523248
5539494
5525228
5561613
5614980
5601491
5702034
5727162
5851399
5795625
5817399
5874372
5833500
5940840
5956904
5973292
5974933
6075267
6050003
6105542
6164853
6136324
6207458
6201354
6276023
6359182
6373247
6423957
6524738
6506469
6500001
6547639
6567776
6661179
7238205
6682230
6723018
6755214
6782976
6869348
6883363
6932801
6913879
7015173
7026255
7076458
7115731
7131271
7160949
7222575
7386046
7292109
7315034
7401564
7466837
7456432
7508464
7514133
7557118
7649459
7749579
7668035
7712189
7776013
7834177
7865767
7889248
8046936
8088291
8051942
8042576
8147208
8148314
8278677
8217098
8228499
8270870
8407719
