121
121
132
165
122
133
121
126
120
120
120
112
123
132
125
126
130
111
113
111
113
116
110
110
111
126
132
117
115
118
112
112
111
111
121
116
112
111
133
118
113
112
115
111
115
112
115
114
113
112
116
134
121
114
115
115
113
116
114
113
114
117
121
143
118
122
116
125
121
115
114
115
116
114
114
118
117
115
116
117
116
116
114
114
114
116
117
119
119
115
120
116
115
116
117
118
117
117
116
123
116
119
118
119
118
116
118
118
116
118
119
119
118
119
117
117
117
120
118
118
118
118
117
158
167
148
133
131
122
118
119
121
118
120
119
119
121
130
122
119
119
120
122
121
120
121
121
120
119
136
123
126
120
122
120
120
120
120
121
122
121
127
129
168
181
183
126
131
135
132
124
129
125
128
231
124
121
128
128
131
123
124
124
122
122
124
125
124
124
122
127
123
124
131
124
123
123
123
124
124
127
124
125
125
123
125
125
126
124
125
125
126
126
126
125
124
127
126
125
124
127
127
125
124
125
126
126
129
129
126
128
128
128
127
126
125
126
126
126
129
130
127
127
128
127
126
128
129
128
127
128
127
129
128
127
129
128
127
129
127
128
130
130
127
127
128
128
132
128
129
128
129
132
130
131
130
130
128
132
130
131
132
129
129
131
130
131
129
131
130
131
130
133
133
134
132
133
130
132
130
135
131
130
131
131
132
132
134
131
132
131
145
134
133
132
132
135
137
133
135
134
133
132
133
133
135
135
137
133
135
137
132
136
135
133
133
133
139
136
134
136
134
134
134
134
136
133
137
139
137
134
137
135
135
137
134
134
138
136
135
136
135
135
138
135
135
136
136
181
140
139
137
136
139
137
139
139
138
140
143
138
137
140
137
138
137
142
142
137
142
138
137
138
141
137
138
139
137
139
140
149
138
138
138
140
138
141
139
138
142
140
138
142
140
139
140
139
138
143
142
139
141
139
139
143
139
142
151
146
148
152
140
141
141
144
149
141
140
141
146
144
145
141
141
143
141
143
145
144
143
142
142
145
149
142
142
141
142
151
142
146
143
142
144
144
147
142
144
145
142
142
146
145
146
143
147
142
147
147
144
143
146
146
144
144
144
144
146
145
146
145
144
153
155
158
144
147
148
147
147
144
145
146
145
145
145
150
147
146
147
150
149
145
145
146
148
148
150
147
146
146
148
149
146
147
149
168
153
149
147
146
148
148
148
149
161
147
147
147
160
167
149
151
152
154
158
149
149
149
151
150
150
150
161
150
153
150
150
149
150
157
156
151
151
151
151
155
152
150
151
150
153
157
150
150
151
152
154
162
151
153
154
151
154
156
151
151
222
156
154
153
152
153
156
153
154
153
152
156
156
153
153
154
153
156
154
153
157
155
153
157
152
153
155
154
157
157
154
153
153
155
159
155
154
157
158
157
155
155
159
154
160
156
155
155
155
156
157
164
157
156
158
161
157
156
158
233
157
156
156
160
164
158
156
157
159
159
160
156
159
155
158
168
169
156
157
158
163
163
158
158
158
157
158
156
157
158
170
161
162
173
173
168
166
173
179
185
170
174
169
158
159
163
164
167
159
159
163
162
159
166
165
166
177
166
176
170
162
163
165
163
165
167
161
162
162
171
162
167
160
162
165
174
186
168
167
185
171
162
162
165
162
170
163
167
162
162
166
164
162
163
164
168
166
162
165
164
166
164
163
165
164
166
163
164
163
165
167
172
175
165
164
165
164
164
168
165
167
164
164
165
166
167
168
165
173
166
167
165
165
165
168
168
167
166
165
173
167
167
166
166
172
167
167
166
167
177
168
166
169
168
170
169
167
170
169
167
171
167
169
171
172
168
167
168
171
168
169
171
177
170
168
169
171
172
169
169
169
172
169
172
168
170
174
170
170
169
174
171
171
169
173
178
169
169
171
171
175
174
169
170
174
172
173
170
173
173
172
171
173
171
174
172
176
172
174
174
173
171
172
187
173
173
173
175
175
174
174
172
178
172
170
173
175
176
245
176
175
173
173
174
186
179
173
174
175
174
174
178
177
173
176
174
174
174
177
182
175
174
175
177
176
175
186
177
177
176
175
175
178
175
180
176
178
177
175
180
178
184
176
175
177
180
175
182
178
190
186
177
183
178
181
181
178
179
180
183
183
178
180
180
179
177
182
176
180
178
177
184
181
180
183
179
182
179
181
178
179
188
180
178
180
182
185
193
193
194
180
179
183
182
180
187
181
181
183
179
179
185
189
180
181
183
184
181
182
186
189
181
