14
23
37
45
56
69
72
86
87
96
102
128
141
125
132
140
156
160
165
163
165
171
206
189
190
200
225
214
222
231
236
242
265
278
268
277
276
279
297
316
303
314
317
324
338
339
360
377
365
369
377
384
390
396
408
413
461
464
445
446
443
453
460
467
471
482
491
505
499
511
514
520
531
535
542
549
561
560
569
575
598
607
606
608
625
623
631
643
636
657
655
657
668
676
682
698
709
721
715
729
734
742
782
784
755
774
771
784
782
789
799
805
820
820
831
835
848
847
858
864
894
883
884
879
903
924
916
924
935
938
940
949
958
974
998
977
989
994
999
1003
1013
1016
1014
1033
1041
1053
1053
1104
1067
1066
1077
1085
1093
1096
1124
1117
1123
1127
1139
1147
1151
1153
1174
1172
1177
1187
1190
1192
1212
1205
1227
1230
1236
1244
1255
1255
1312
1277
1287
1279
1299
1370
1307
1315
1321
1318
1331
1337
1345
1344
1367
1375
1365
1380
1386
1398
1409
1402
1415
1415
