410
766
1391
1647
1871
2530
3255
3805
4450
4991
5804
6154
6708
7129
7817
8366
8709
8831
8861
9190
9848
10624
12098
11365
11638
12314
12809
12996
14444
14275
14605
15069
15737
16628
16443
17197
17629
19092
18909
20088
20413
19921
20474
20990
21643
21919
24313
24448
24176
25351
24395
25505
25555
25980
26572
27113
27412
28021
28568
28810
29481
29514
30275
30666
31297
31733
32135
32852
33110
33783
34128
34619
35011
35667
36073
36713
36970
38608
38217
38829
39009
39802
40068
40807
40886
43052
42284
43048
43314
44162
44439
44522
45129
45563
46086
46481
46996
47469
47897
48556
49017
49435
50315
50494
51741
52504
52152
53639
55756
54431
53904
54400
55102
55529
55941
56403
57673
57295
57842
58659
58731
59497
59911
60659
61448
61722
62479
63268
63863
64425
66130
65676
66599
66672
67159
68340
68237
68716
69294
69570
70320
70546
77547
72613
72232
75143
75243
74039
77850
75044
75341
77413
77657
76573
77118
77635
78344
79218
79295
79896
80202
80961
81348
82477
82669
82728
83550
84442
84730
85024
86164
87875
88034
87514
88158
88694
89152
89554
89951
92972
91002
91366
91996
92404
93246
93767
93764
94420
94806
95695
96282
97294
97196
97423
98363
98546
99523
99571
100251
103633
104044
102126
102774
103556
103590
107603
105133
104849
106547
105981
106358
107039
107404
108083
109029
109488
109638
110725
111823
112412
114463
111948
112876
112925
113873
113926
114551
115159
124187
120191
117277
117221
117885
119205
118184
121296
121905
120315
120807
120728
124083
123866
122646
123098
123745
124295
128827
126423
126030
128556
126569
127337
128464
128396
129486
132527
130290
136486
133479
133330
132469
132997
133321
134425
140610
137373
137248
140785
142706
140086
139100
140467
140159
140641
141016
145251
142842
145423
144611
145788
145432
144352
144504
145871
146310
146418
150578
171345
167914
156725
150526
150998
154033
168068
152944
153601
157351
156458
155077
154198
153913
162674
163359
163083
157411
158946
157610
157265
158523
160070
161696
160947
161370
160349
161395
162152
164296
168645
168964
167245
165709
171137
165787
166584
171628
176264
176061
173602
171491
169479
170887
171018
170269
178451
171622
172672
172676
173781
182067
183462
184098
184973
179302
178596
176788
179937
180224
181620
181742
179911
180141
188817
194651
191496
184620
182475
183359
183236
187771
186289
187534
187191
190518
187663
187103
188269
189479
195869
189818
191977
191426
191739
194692
194796
194549
193654
197512
195621
200066
197091
196511
197680
200797
198203
198604
209171
207862
208929
213306
211231
213767
221709
226468
212109
203201
203123
205521
207060
206329
211257
215388
212277
240431
256133
252690
219297
210985
210493
210218
211226
212502
223479
256453
262952
271366
276442
277243
275409
289526
244116
221557
221666
217868
227447
229670
229808
222342
222463
222612
220941
222751
229978
222401
232864
233997
229499
225905
226596
227215
232678
227397
227229
229853
228157
232504
232661
229854
232437
233180
232267
243739
233798
236894
239173
235622
237872
236469
237344
236160
239323
239777
237532
240284
242121
243036
245488
241127
241854
242033
244341
242966
244242
243544
246414
248357
249028
245409
246143
247417
247289
253274
248257
252111
248658
251642
250789
253986
251079
253305
257972
253590
256823
253477
259176
254533
264518
256785
262374
258996
261700
260325
262846
260390
263792
262611
266419
262667
266074
266098
267650
276265
266457
267855
265070
283012
267475
273931
270488
276882
273539
275485
270495
274697
273263
276448
273928
274988
273369
280523
278558
278444
273824
278248
275368
281786
274869
279741
277208
279849
277949
283527
280311
287832
281855
291329
285144
287468
283635
287545
285201
288975
290744
288863
288316
291304
287826
294648
290125
293694
291827
306483
295165
297831
294064
295733
293101
297956
299192
301748
295772
299802
295930
303030
297754
302090
300089
302805
298349
304411
300176
304463
301567
307400
304467
307001
305090
306995
307032
310706
305328
310657
316280
314132
308908
312387
307974
312368
315729
312786
314249
315826
311960
318471
312333
318082
314996
322658
314601
321391
315910
320467
321327
319800
319392
326481
321527
320935
322291
324641
323307
322246
328666
323635
325002
323866
325944
331342
326860
327981
330377
329185
334195
331471
333698
330971
342124
329972
332533
329871
329516
330671
330435
332949
332630
339094
333036
338100
335298
335295
338507
338215
336028
339559
354003
337427
343260
338440
343099
361805
367380
341094
342235
341165
343976
344417
346076
343714
368404
361734
348216
346615
347755
347979
349224
349707
349808
373290
358681
354373
352742
354029
354194
351446
356618
353251
356324
356326
355898
354102
357314
354834
358002
357578
365459
356887
364780
358532
362095
359992
364958
362172
365447
361224
364924
364058
369326
368806
367604
380318
371561
365563
369281
367834
369586
367692
376776
367839
370971
371853
373342
370880
376243
372251
375238
373454
378119
374017
376181
375098
377439
378021
383077
380988
383054
383845
382422
383353
388854
380646
382284
388181
383340
384260
387223
392416
386981
387541
387418
389036
389731
390807
389550
390807
390994
393278
391823
394515
396649
394403
394060
395937
396146
396033
398672
397559
403351
402985
398939
402849
402280
401729
399951
403242
402110
404781
432739
404706
406384
406008
405658
406544
407315
406919
408508
407527
409069
410311
414555
414943
415226
412178
414280
412548
467895
427847
417957
413543
415180
416857
417502
418285
416563
419157
418455
416884
417684
418144
418442
418837
420332
421461
425349
419220
423178
423565
423863
426219
423389
424072
426968
425726
428148
431191
429254
434785
430335
429232
444561
432210
431803
431692
432352
435593
434169
434129
431257
434185
443264
444071
438175
437212
437930
439689
442716
442777
447883
441814
440462
442284
443156
439899
440968
443618
443272
447990
446223
443645
446779
447320
447379
447245
446678
447273
448072
448967
451878
451533
451384
451291
452372
453085
452853
458751
454327
455058
458409
457331
459349
459440
457629
454440
460562
459667
459626
459752
466073
463939
462665
462179
463331
465690
464400
464754
468274
466667
468063
469598
468782
467257
469070
471630
468726
472368
469562
475153
489812
477584
486366
506558
488031
497448
482613
476860
475560
483810
504561
481968
482573
487455
477973
485355
485049
476105
482173
481932
481195
481205
485936
481868
483936
484526
487461
489060
487046
486405
485706
488794
488890
489573
490559
490466
489804
494353
492030
492927
491256
492206
493210
492395
493168
494239
495348
496203
496787
496145
499902
503492
498221
500799
500415
501706
518767
513797
502845
501436
501247
506063
506319
503045
503510
508925
510760
513032
508878
506356
508506
520513
517788
509826
509520
514031
514699
506537
510730
511111
513460
514533
514063
513565
515467
517384
515626
514230
514942
517063
514478
517043
519289
522317
522569
