0
1
2
4
6
9
16
15
21
23
25
37
43
48
42
52
54
68
82
78
129
145
95
127
98
137
227
180
215
186
240
204
172
189
204
204
229
230
254
259
292
301
284
322
323
401
459
447
407
414
419
434
459
464
477
488
524
611
540
618
587
617
619
640
650
736
780
737
746
771
876
923
861
867
861
860
896
1009
1067
1136
1110
1230
1044
1373
1137
1128
1168
1347
1254
1434
1443
1410
1421
1478
1418
1557
1496
1705
1615
1515
1685
1596
1783
1799
1873
1952
1913
2122
2491
2007
2059
2098
2052
2555
2299
2503
2285
2417
2401
2541
2403
2396
2435
2526
2594
2584
2625
2751
2722
2739
2731
2899
2771
3120
2981
2917
2992
3176
3251
3207
3216
3194
3336
3525
3368
3461
3591
3607
3601
3660
3729
3835
4431
3822
3794
3782
3979
4271
4019
4107
4204
4231
5164
4750
4533
5027
4616
5817
4865
4573
4803
4789
4829
4968
4857
4944
5003
5084
5462
6270
5326
5728
5686
5769
5955
6413
6546
6672
6652
6165
6901
6592
6672
6457
6493
6847
6920
6581
8539
7245
7192
7753
6560
6872
6873
6811
6784
7090
6771
6992
7002
7140
7110
7336
7509
7262
7468
7469
7502
7641
7612
7775
7938
7849
8084
8431
7875
7963
7897
8481
8710
8330
9733
8539
8695
8790
8724
8813
9132
9029
10658
9462
9778
10504
9574
9530
9745
9564
9665
9743
9946
10028
11058
10747
12380
10119
10394
10789
10640
10317
10724
10649
10793
11436
11399
11214
11075
11239
11315
11836
11449
11078
11354
11896
11883
11903
12006
12186
11966
12078
12282
12433
12463
12430
12530
12771
12806
12742
12921
13101
13271
13413
13369
13608
13515
13534
13836
13762
13774
14104
14059
14061
14150
14092
14430
15059
14202
16485
14716
16113
15436
15073
15110
15501
15517
15392
15665
15504
15746
15952
16004
16072
16353
16270
16368
16427
16625
16629
16508
16789
16921
17069
17278
17253
17548
17310
17715
17642
17843
18993
17645
17825
18756
19017
18105
18194
18661
19116
18824
18868
18937
19104
19318
19371
19428
20413
20605
19864
20166
20008
20146
20279
21924
22648
20733
20600
21092
21656
21031
21327
21201
22643
21610
21708
22529
21793
23824
23519
22527
22289
23225
22845
22742
22759
23693
24865
23497
22688
24231
25556
26010
28054
24980
25303
24219
24276
24425
25440
26250
24497
