1780
1663
3045
4448
7747
10635
12815
23376
23978
26449
26433
28798
27000
29588
41540
37026
48934
53522
50643
92598
86880
82479
62894
60404
68109
132138
57213
56108
61336
121759
97007
76061
118102
105553
80651
121137
101403
96990
103057
104050
115069
123370
120907
140894
157950
132505
140238
185635
214597
188149
175545
168471
174221
179797
170970
205299
241158
220977
196381
217467
241690
219209
220379
257686
237158
277104
266223
291891
320297
295812
315024
337751
310498
315538
314328
341230
368193
313023
362289
387605
380793
376374
384370
412759
687583
368342
375713
574427
554770
415957
408730
498080
593584
506927
528108
976029
618792
609871
491364
580913
618122
587193
568614
605823
668440
630290
584332
648642
705581
649144
684692
735869
697105
700804
658039
754487
821686
713480
719985
908703
767699
775184
773711
858276
893199
797573
885215
980646
974744
884001
871872
984682
983255
912656
972459
1085375
1018849
1041654
1006091
1226112
1147526
1118033
1019149
1316171
1190274
1184439
1492563
1400651
1344807
1416837
1185177
1318394
1309215
1292594
1209777
1444949
1483984
1244704
1298620
1564492
1409528
1323897
1446172
1512668
1506550
1447514
1401819
1626542
1613867
1470156
1510471
1577926
1796999
1573159
1984621
3048157
1649659
1684639
1969402
2182533
2092555
1690206
1815202
2059663
1952459
1996921
1947260
1919514
2224713
1805284
1942877
2193313
2208345
1984333
1909982
2234537
2279668
1964135
2128272
2285672
2420191
2123570
2148653
2272853
2470996
2139982
2181903
2468207
2498432
2307114
2717915
2538230
2574212
2383325
2329063
2558233
2605923
2401190
2431023
2810108
2748656
2640703
2590972
3430560
2771438
2885914
2825193
2821486
3025590
2560354
2784334
3116439
2913599
2756125
2684672
3017219
3235232
3243880
3246190
3690278
3163059
2915571
2798354
3334858
3519520
2984768
3080240
3461993
3404754
3202751
3115985
3484487
3701628
3158189
3280567
3826668
3570389
3286689
3357701
3673824
3781971
3649228
3468694
3910941
4086771
3635926
3571408
3986790
4629683
3677689
3748117
4778279
4314217
4410398
3535880
4411221
4302422
3881956
3842267
4325055
4386091
4905234
3920814
4389491
4670914
4692089
4243495
4645954
4544451
4146447
4226886
4734120
4943867
7437549
4663394
4990516
4971506
4748816
5341137
6192037
5343951
4594817
5253951
5308710
5817578
4628806
4638140
5147650
5109881
4753738
4908919
5288860
5250814
4904798
4852952
5380057
5670439
5150302
5023805
5973372
5796243
5183159
5091839
5682563
5980060
5088785
5250456
5996533
5819559
5382263
5425888
5940722
6433947
5416352
5769026
6325844
6164702
5777103
5648466
6412498
6551976
5755797
5980986
7225977
6942644
6089519
5979318
6657525
6919924
6147834
6245084
7073910
6824227
6017704
7482762
7418074
7095462
6265596
6623716
7229878
7157193
6376027
6308112
7163609
7477977
7080163
6874479
7737190
7626731
6682621
6677432
7765761
7773120
6816809
6934801
7751225
7582315
7134685
7060536
8029326
8058287
7384865
7088480
8323788
9689659
7633738
7466460
8500090
8594149
8117334
7615917
8622210
8609123
8297902
7534486
8368780
9134711
7829001
7707449
