2
10
24
41
60
76
91
130
150
177
199
256
300
290
348
463
446
485
510
588
685
650
771
897
890
921
902
1003
1252
1106
1185
1555
1410
1386
1375
1671
1867
1633
1924
2079
1974
2128
2054
2272
2834
2418
2560
3164
2865
2820
2795
3062
3382
2915
3418
3680
3470
3862
3685
3841
4649
3893
4118
5437
4827
4547
4318
4887
5650
4637
5891
6093
5473
5937
5445
5791
7734
6195
6259
7699
6746
6576
6411
7541
7889
6978
7952
8462
7995
9104
8197
8688
10197
8410
8779
11235
10091
9326
8993
10242
11036
9245
11318
11489
10789
11386
10218
10966
14360
11118
11224
14258
12187
11950
11334
13855
14567
12413
13900
14625
13592
15417
13767
14789
17383
13992
14908
19966
16944
15715
14751
16661
18367
15061
18733
18760
17440
18429
16843
17540
23710
18742
19248
22780
20321
19231
18001
21559
22809
18711
21857
22957
20741
25254
22033
22728
26745
21169
22240
29495
25034
23371
21630
24950
26559
21796
28266
29041
26342
27401
24712
26105
33872
26396
26949
33586
28662
27098
25226
32548
33807
27677
31556
34293
29996
33912
30661
31125
38458
30283
30880
43708
36461
34110
31457
35388
38621
30872
39052
40297
36902
37920
33561
35586
49818
37846
37230
45558
38248
37546
34796
41382
44540
35842
41538
44204
40102
46139
41731
42533
50669
39793
41201
55030
46389
43036
40392
45878
49403
40511
52684
53507
48406
49958
45264
46883
61676
47618
47451
59674
50163
47836
44535
55968
59065
48046
54728
58170
52288
58720
52810
54211
65393
51274
52963
75387
62200
57172
53742
59557
64682
52515
65444
65811
60083
62923
56355
59392
81348
62271
62462
76209
65291
61578
56574
68467
73640
58789
68548
73396
64869
78042
70209
71179
84733
65547
67088
91289
75286
69718
65711
73548
80114
64933
83815
84434
75882
78259
70300
73748
99089
75088
76167
94329
79433
75130
69773
88321
93644
75570
84783
91391
81509
90287
81357
83359
102208
77845
81729
112941
94733
86634
80467
90092
96662
78499
97100
102061
88861
94530
84664
88494
124607
94325
93020
115200
98013
93004
85708
102965
109005
87392
102113
107820
96172
113521
100797
101650
122441
95165
98660
132292
110621
101172
93532
107609
115214
92118
125782
125327
112248
114318
103522
109531
142140
107894
108791
136057
114881
108807
98942
126295
131603
106282
121556
127295
115872
130075
114805
118494
146111
111474
114778
162989
136910
124976
116847
130564
138810
113224
139525
143164
127353
133751
119780
125575
173407
132074
133137
