0
0
1
1
1
2
2
5
3
3
4
4
4
5
5
6
6
10
7
6
8
10
9
9
9
10
10
11
12
12
12
14
13
12
13
13
14
15
15
19
22
17
20
14
15
19
18
20
19
16
17
20
30
32
50
31
25
26
30
32
26
59
49
46
42
45
43
46
44
49
64
57
39
40
38
38
37
37
35
34
33
27
26
35
34
34
49
39
68
75
60
80
75
84
75
72
101
89
74
52
48
45
45
44
45
44
47
51
55
52
54
53
57
53
62
99
72
87
115
92
99
99
110
89
70
70
64
66
65
63
58
55
56
56
58
73
109
174
84
96
93
86
97
81
74
78
81
103
80
79
86
98
85
112
94
130
86
91
90
102
96
85
98
85
82
81
83
81
93
82
85
90
95
91
90
90
87
90
93
86
86
74
69
68
80
72
71
70
71
72
71
80
70
62
61
61
60
62
69
74
65
72
60
56
62
117
66
63
66
71
68
67
68
73
92
68
68
82
58
60
57
62
63
63
60
62
69
76
102
92
73
78
76
78
77
77
73
78
76
80
94
83
79
84
85
88
98
124
108
93
118
125
138
127
124
95
196
107
118
159
172
87
80
112
132
102
77
83
82
109
85
80
103
99
75
77
85
91
95
91
78
106
90
80
84
86
88
83
81
86
86
77
108
106
109
103
102
101
101
100
102
108
99
101
110
113
109
110
110
130
123
127
126
128
133
151
144
142
142
152
135
121
122
136
132
115
98
99
111
103
98
97
86
94
96
94
94
93
92
119
106
105
108
119
102
100
100
104
100
104
111
111
105
110
113
114
113
106
109
119
112
139
117
112
111
106
108
114
109
139
125
140
127
111
113
118
109
125
111
114
113
111
111
118
114
120
129
117
114
117
121
111
119
125
119
125
113
126
141
148
125
144
112
119
124
118
122
118
123
118
126
119
120
118
152
134
124
123
123
125
129
120
117
113
126
122
124
131
113
139
127
135
138
131
128
133
124
115
134
135
127
130
123
145
161
128
134
141
127
132
146
128
121
131
135
154
133
139
130
123
130
140
139
135
134
138
131
123
132
142
135
127
138
141
144
124
136
141
133
138
148
137
140
145
135
145
140
143
143
140
137
150
149
137
151
140
130
142
146
138
146
142
136
150
142
139
149
147
140
150
147
143
148
148
145
146
140
152
156
148
142
149
157
140
151
148
143
154
151
160
167
157
157
149
149
154
159
148
160
153
162
158
162
147
162
146
163
158
159
156
160
162
167
162
162
173
168
163
159
156
156
166
165
173
165
166
166
173
167
175
190
182
172
190
172
187
186
177
170
167
163
171
160
169
169
165
170
166
161
164
171
181
198
171
193
183
185
186
184
187
185
202
198
198
213
196
215
196
206
208
192
218
202
192
228
210
206
196
191
192
204
185
196
201
202
520
182
194
202
210
200
202
192
193
183
184
171
193
175
187
181
176
196
173
216
202
204
224
187
195
186
204
215
202
205
220
255
234
285
283
270
223
244
236
267
241
257
250
293
291
240
230
243
271
249
253
249
252
280
276
262
247
225
213
174
185
205
191
190
182
184
204
194
211
226
167
199
180
177
185
187
300
197
206
198
210
218
210
232
264
255
267
288
231
259
257
275
222
184
188
200
185
212
190
249
201
182
192
195
193
198
193
192
257
198
199
198
192
205
192
198
207
222
204
202
193
209
195
187
204
207
237
198
196
198
196
199
271
220
246
211
210
199
202
238
245
282
257
286
233
301
300
315
264
225
211
235
206
204
227
213
334
347
371
314
252
247
367
261
304
278
218
208
236
276
244
365
266
264
329
221
237
284
241
226
252
292
248
245
258
251
243
206
219
240
211
201
208
228
214
225
215
253
219
272
215
233
232
221
220
219
245
244
241
216
232
214
230
240
221
213
215
215
232
215
233
331
378
303
300
309
305
290
306
318
332
353
391
387
383
353
315
289
260
239
237
230
224
277
256
232
238
257
253
251
249
259
244
243
242
239
270
291
261
249
269
255
249
259
239
262
255
250
263
255
270
258
287
265
255
251
271
269
265
239
266
266
272
273
265
263
258
248
256
265
259
272
294
279
265
257
254
272
272
267
260
259
263
252
246
272
277
256
263
260
265
261
276
262
259
266
262
264
268
268
263
326
272
253
275
285
279
295
274
271
271
265
320
282
281
270
266
284
285
276
247
289
298
268
290
289
267
275
275
271
280
288
278
285
289
302
268
416
495
297
285
341
315
270
281
279
282
303
294
266
281
285
300
322
291
293
283
286
287
300
287
281
289
294
302
278
290
303
275
290
313
314
296
286
283
295
299
298
302
296
290
299
323
271
295
312
283
284
303
311
301
300
310
300
266
284
314
303
292
300
303
301
307
323
305
309
302
332
297
289
310
277
304
296
326
318
292
311
304
321
320
295
296
316
327
288
303
307
332
297
300
334
309
303
316
316
305
295
355
307
310
317
305
322
318
317
311
302
327
304
295
302
327
303
412
319
322
312
344
322
300
309
320
302
306
314
302
292
299
345
322
323
331
335
312
342
318
313
326
349
307
308
339
298
301
301
371
341
359
330
348
345
337
359
350
364
366
375
411
372
355
441
312
323
351
337
304
336
325
354
371
341
299
365
312
324
362
326
337
348
331
331
361
318
365
352
313
325
336
322
317
311
328
305
314
329
309
315
317
333
333
320
344
338
341
355
343
348
342
333
336
344
323
330
352
379
487
440
579
711
592
582
691
643
591
529
513
545
547
481
416
315
326
320
312
323
311
312
337
313
313
318
371
309
337
360
307
310
394
373
369
362
399
429
550
496
568
553
558
555
557
554
546
505
403
375
328
303
312
341
356
308
310
322
333
316
317
316
320
310
347
366
338
376
399
436
397
395
381
352
341
339
348
347
350
406
360
375
369
369
374
335
337
361
414
364
342
339
349
376
368
372
375
369
385
370
351
378
374
384
348
358
371
354
369
350
361
365
343
366
357
363
372
365
355
373
372
360
369
342
329
386
362
357
407
367
352
376
373
370
390
364
371
377
341
348
361
351
353
369
337
331
361
334
337
346
345
330
359
436
349
334
378
361
406
362
360
393
382
366
377
363
356
381
352
348
381
368
376
386
362
355
420
376
355
372
378
373
372
351
359
403
371
408
388
368
445
345
359
380
410
445
357
351
388
367
371
402
397
448
445
431
446
375
388
413
390
395
393
387
399
392
390
375
412
358
396
375
395
384
393
383
404
396
443
425
404
388
443
445
399
380
423
375
379
454
394
405
388
392
379
403
372
408
394
403
387
369
397
370
385
379
367
354
411
397
366
445
423
419
389
398
429
398
443
416
403
410
426
379
405
384
429
388
377
424
396
387
408
421
417
428
383
424
401
392
403
394
462
394
385
399
409
402
396
410
410
412
406
402
406
426
412
416
401
382
403
415
408
407
409
424
439
384
404
427
406
420
421
417
442
415
464
493
468
449
428
444
438
423
418
439
453
411
445
428
433
458
421
446
422
447
418
393
463
437
410
437
403
428
408
400
443
408
420
434
425
445
452
417
441
406
444
444
509
435
438
456
432
442
477
454
443
412
466
436
459
469
442
427
404
436
490
496
464
431
449
481
561
436
457
399
417
419
451
448
444
460
437
429
433
429
424
429
426
476
452
468
451
466
430
440
446
442
439
437
479
413
421
421
430
509
473
497
493
464
464
443
440
461
421
493
429
444
489
509
523
470
443
427
468
476
497
445
417
463
439
420
447
443
448
457
444
477
420
472
441
491
433
457
452
433
456
467
479
461
427
456
422
453
472
465
487
469
469
452
456
469
517
505
480
460
470
498
496
476
458
493
451
450
526
463
486
459
485
470
513
467
472
476
467
480
475
469
465
466
461
485
483
430
426
439
449
429
418
455
430
433
424
462
445
424
460
462
431
426
441
467
430
435
452
501
494
494
472
431
450
449
453
467
438
531
589
570
531
497
471
528
544
566
503
535
507
565
553
520
506
463
485
470
518
479
488
486
481
493
502
488
505
494
480
470
450
498
514
491
467
499
503
484
465
483
482
467
490
480
514
475
463
470
454
475
481
518
475
512
466
506
486
472
459
438
482
442
475
459
505
519
474
560
533
529
474
504
498
569
484
497
501
486
500
516
499
493
482
546
519
474
489
501
470
500
539
508
520
492
528
486
503
493
518
499
561
613
587
527
527
470
492
500
514
523
511
513
499
547
529
516
478
526
481
519
491
491
502
475
539
484
587
518
577
513
493
477
540
497
521
505
548
509
540
564
552
482
513
503
558
529
645
559
629
716
713
888
975
899
892
871
861
1009
598
701
920
872
871
725
570
495
603
558
520
506
520
596
622
603
507
524
495
539
513
535
523
540
481
539
530
570
614
664
607
552
535
540
543
577
552
570
553
553
603
618
629
567
583
573
534
554
559
541
579
514
569
507
569
499
528
517
587
531
561
534
523
525
553
526
533
506
568
540
534
551
565
539
586
510
603
517
545
541
586
625
569
559
566
596
583
571
543
572
596
558
594
579
569
570
548
551
537
550
576
562
596
577
580
566
568
524
584
519
571
563
649
555
572
552
557
604
701
648
561
570
526
575
547
567
589
557
564
560
605
557
570
564
563
617
577
558
534
565
583
552
617
595
592
598
615
620
587
590
579
617
654
597
592
715
531
560
528
584
531
539
574
591
579
603
577
579
535
591
569
618
587
607
555
569
583
568
640
625
621
611
594
582
613
592
544
551
552
612
594
643
583
565
558
594
555
612
593
558
583
591
606
689
689
684
578
655
574
628
726
604
608
573
595
562
632
578
604
599
575
610
571
595
572
582
555
583
577
613
591
570
607
590
626
585
591
584
598
641
610
596
591
663
618
631
657
607
626
598
612
619
612
627
626
617
599
622
576
615
670
628
615
606
617
612
630
623
603
643
620
625
615
603
642
613
637
611
624
631
608
621
613
663
695
690
685
611
634
666
624
648
579
635
616
613
616
616
599
600
632
556
672
629
599
647
677
652
636
643
627
649
645
891
1050
1064
1070
1064
1028
915
680
567
598
546
593
586
592
561
676
550
563
586
572
582
623
602
596
657
583
626
615
570
675
645
628
607
593
660
611
637
560
629
601
629
646
618
639
630
709
691
693
650
626
605
618
602
656
579
653
576
622
605
577
625
627
662
615
645
611
571
604
578
590
581
610
563
751
614
685
650
652
639
679
643
671
658
645
666
612
638
680
584
618
616
713
675
654
636
647
650
660
635
663
640
627
649
594
653
566
666
704
646
673
630
665
650
625
661
635
625
619
669
686
623
679
671
675
762
770
587
688
1043
1087
1007
1731
2096
1042
1054
1314
1072
949
1372
991
789
780
801
732
724
730
733
651
658
757
652
691
667
643
642
602
615
617
760
765
910
1066
850
712
697
649
705
841
939
1169
951
906
1100
1094
969
1119
879
677
667
581
581
1055
934
621
603
639
621
612
759
597
623
638
581
626
653
626
583
638
693
743
712
856
1019
839
627
635
686
677
698
679
701
660
672
686
737
674
722
718
784
743
714
704
679
648
755
2175
3623
1984
829
1160
1197
1053
1155
941
931
870
763
700
715
714
682
693
968
873
683
829
1022
807
675
696
654
639
666
633
639
652
638
722
696
715
718
680
705
689
629
745
686
650
716
688
719
834
694
737
746
703
707
698
730
686
724
684
678
710
716
666
727
699
744
693
703
699
733
703
688
779
704
714
723
720
708
767
737
700
722
746
714
729
729
682
748
840
803
774
754
690
671
700
1007
1110
1815
1320
1731
1343
1234
1327
1197
863
818
788
780
863
925
1175
1178
1262
1176
1147
1129
1122
1121
1159
1176
1243
1214
1144
821
729
831
952
743
831
930
793
830
1124
860
961
1054
1044
861
706
696
784
773
795
685
727
742
735
748
729
737
733
710
770
715
709
741
690
706
689
710
724
702
711
741
756
762
775
749
716
745
752
738
800
732
1028
740
779
749
724
841
771
758
725
728
741
725
715
714
719
713
714
683
753
770
763
747
846
788
873
771
867
788
975
960
798
724
940
809
786
824
858
747
815
789
734
820
810
874
753
765
780
829
777
763
790
749
755
803
767
754
776
848
792
750
954
761
814
762
791
783
790
734
765
864
789
795
857
793
786
772
827
824
774
777
845
780
768
825
841
752
766
824
799
814
821
959
923
788
802
818
816
822
936
878
771
775
906
865
925
835
832
835
853
790
844
843
858
839
908
919
819
863
850
724
816
848
822
824
841
817
865
830
815
858
843
787
786
804
905
840
763
778
847
822
797
853
881
794
765
829
893
853
782
791
844
1023
933
819
816
858
825
842
787
837
856
883
824
758
875
835
864
813
821
1029
866
784
806
827
844
838
762
841
954
841
849
856
864
878
841
848
835
817
823
869
803
863
852
803
766
967
896
962
1179
1053
828
809
811
819
808
842
763
739
856
886
1247
971
909
1168
1134
869
790
831
887
821
721
801
789
797
794
851
971
1203
1335
1209
1327
1324
1559
1413
1240
1303
1372
1265
1319
1161
809
789
998
1177
1364
931
809
798
877
855
906
810
841
724
790
729
741
779
872
1129
889
917
1079
845
795
700
756
754
773
753
750
781
751
885
1131
1137
851
848
831
820
806
859
828
772
871
798
863
1050
977
867
1259
1244
946
876
855
942
875
949
945
1190
1218
860
830
818
882
861
881
794
840
823
843
834
801
888
848
1053
1389
980
954
830
895
818
855
882
844
941
813
1206
1251
1320
951
942
887
853
859
989
852
934
900
928
998
1160
949
981
1168
1368
1276
1271
1444
1360
1026
823
810
769
931
1002
1331
1033
763
792
877
968
940
745
966
1011
996
974
945
1018
759
859
981
1230
1108
828
811
816
890
831
873
850
841
866
827
923
1013
1037
1255
1231
1102
902
813
833
835
798
841
827
814
839
886
1391
1124
1280
1412
1023
878
818
911
893
1064
986
992
905
970
881
909
933
1237
1033
994
968
914
865
905
946
876
975
1014
902
989
967
901
902
907
964
885
899
940
1059
987
911
941
915
966
919
961
905
982
941
928
892
944
946
991
967
927
815
946
926
938
885
933
904
918
921
981
943
915
899
963
977
1187
1028
918
995
1007
942
1015
872
922
843
873
854
1010
945
970
881
934
916
959
957
899
960
873
851
883
948
888
936
977
998
918
984
974
933
930
935
920
965
877
955
911
965
932
1054
1001
1017
978
979
982
1018
966
1009
1352
1256
1029
962
954
922
950
1053
1057
994
974
960
956
1031
967
970
987
886
962
954
1042
1056
1002
1083
1071
937
960
979
918
916
961
896
1008
972
976
978
934
942
937
902
976
988
969
936
937
899
992
957
963
984
946
1157
1084
975
952
1041
991
1002
1077
919
996
994
1178
1103
919
1154
959
947
944
986
937
980
1104
971
949
981
967
941
1003
977
1018
1027
956
949
958
980
1016
998
1014
967
980
1070
998
959
1103
1055
1055
995
1026
1037
1027
1082
1258
1086
1043
1032
1034
1016
996
980
1017
954
927
943
961
996
955
1002
949
1004
982
1092
1148
971
980
978
1019
1022
1072
1070
1002
1003
958
991
1016
967
927
1054
1016
1045
1002
1013
962
987
950
999
945
922
999
1043
982
1213
1055
994
1040
1008
1037
989
1064
998
985
1023
935
1096
992
1076
929
1023
1013
1039
1062
1038
1142
1091
1072
1194
1011
1235
1240
1189
1217
1181
960
994
954
970
998
1071
1116
1085
1067
909
933
980
992
1037
1094
1084
1282
1174
1165
1063
955
940
1092
1066
1087
1088
1101
1094
1071
964
966
990
961
992
1037
1022
1045
1039
1032
1056
1091
1105
1136
1161
1135
1147
1143
1174
1165
1201
1197
1183
1195
1209
1180
1062
1079
1034
1056
1035
966
1010
948
1097
1323
1056
1044
992
1044
1005
987
988
996
997
967
1000
970
1019
979
1020
997
993
960
1072
1034
940
1018
924
1016
1035
1017
1026
1189
1115
967
1006
940
973
931
1066
1011
961
1013
970
1089
1010
985
965
1045
1044
995
1006
1069
1244
1040
1065
1081
1122
1146
1094
1094
1033
1082
965
948
1369
1212
1179
1044
1000
1061
1113
1076
1074
1142
1113
1163
1192
1049
957
1034
994
1043
977
961
952
974
954
992
1017
1063
1059
1079
1053
1052
1039
1057
1108
1151
1343
1285
1246
1173
1076
1125
1097
1073
1086
1044
958
955
1005
974
948
1042
980
995
947
1036
971
992
1026
979
948
997
994
1020
1010
1004
1032
998
1040
1053
964
937
975
1062
989
1017
995
999
951
974
964
979
974
999
1017
1230
1083
1023
1003
1093
1138
1296
1351
1142
1131
1159
1106
996
960
1023
1035
988
988
974
1067
995
1082
1082
979
1121
1045
1248
1095
1033
1079
1054
1048
1073
1047
1073
1043
1045
997
1189
1199
1115
1041
1042
1028
1039
955
1195
1174
1111
1107
1132
1153
1093
1023
1117
1070
1065
1067
1038
1154
1217
1093
1061
1021
1035
982
1122
1074
1065
1070
1126
1083
1082
1079
1197
1136
1086
1152
1149
1140
1146
1073
1236
1134
1113
1053
1026
1030
1038
1005
1194
1104
1343
1230
1092
1172
1168
1164
1111
1082
1096
1091
1071
1137
1101
1116
1073
1036
1130
1184
1222
1133
1277
1412
1185
1199
1059
1068
1110
1143
1261
1196
1331
1101
1120
1120
1139
1257
1144
1167
1214
1103
1111
1079
1144
1148
1355
1053
1219
1096
1225
1145
1153
1143
1158
1150
1132
1187
1191
1103
1138
1233
1091
1087
1133
1137
1112
1127
1062
1209
1114
1106
1209
1149
1141
1182
1192
1185
1154
1102
1096
1108
1070
1142
1156
1166
1145
1315
1187
1349
1481
1352
1315
1370
1268
1164
1173
1216
1169
1118
1189
1073
1200
1191
1188
1215
1278
1150
1175
1149
1142
1102
1137
1095
1093
1121
1131
1244
1104
1197
1164
1092
1214
1099
1137
1200
1214
1151
1101
1078
1113
1185
1449
1122
1064
1099
1101
1081
1131
1160
1160
1078
1143
1101
1127
1180
1224
1181
1162
1134
1190
1098
1172
1126
1148
1198
1125
1069
1100
1096
1127
1155
1093
1166
1181
1198
1168
1330
1136
1164
1177
1237
1159
1117
1180
1379
1341
1140
1200
1224
1198
1412
1741
1599
1050
1122
1095
1473
1793
1190
1138
1157
1170
1190
1162
1155
1143
1250
1149
1196
1120
1151
1102
1129
1147
1117
1165
1152
1072
1084
1044
1143
1167
1167
1339
1155
1274
1415
1237
1096
1117
1108
1163
1156
1067
1160
1133
1249
1377
1677
1454
1274
1454
1759
1426
1032
994
1101
1238
1390
1717
1275
1154
1203
1259
1186
1516
1208
1428
1635
1163
1490
1397
1006
1022
1445
1606
1449
1536
1195
1245
1291
1225
1182
1261
1209
1263
1166
1215
1153
1186
1171
1247
1217
1168
1195
1209
1168
1212
1235
1254
1232
1212
1296
1250
1221
1186
1258
1241
1207
1170
1179
1164
1245
1324
1185
1157
1578
1274
1208
1155
1252
1222
1154
1353
1194
1198
1329
1335
1263
1201
1309
1281
1215
1298
1163
1161
1225
1195
1166
1195
1187
1169
1208
1186
1170
1179
1129
1090
1123
1091
1196
1202
1137
1201
1258
1181
1454
1458
1211
1207
1242
1237
1281
1247
1231
1233
1221
1281
1177
1190
1271
1355
1282
1403
1266
1177
1223
1182
1162
1212
1182
1232
1174
1184
1238
1208
1177
1251
1241
1267
1305
1268
1219
1233
1281
1165
1300
1360
1342
1205
1286
1255
1276
1326
1316
1292
1256
1207
1094
1246
1223
1187
1226
1239
1263
1247
1364
1331
1263
1246
1210
1163
1168
1226
1181
1208
1178
1186
1232
1216
1178
1227
1156
1127
1171
1150
1103
1268
1416
1508
1412
1210
1273
1212
1123
1119
1092
1129
1088
1279
1233
1395
1320
1298
1169
1202
1195
1129
1141
1180
1133
1119
1264
1347
1282
1333
1410
1306
1272
1162
1262
1235
1168
1207
1244
1155
1241
1176
1209
1291
1535
1139
1261
1266
1276
1279
1360
1498
1427
1318
1177
1305
1236
1225
1253
1193
1326
1186
1226
1270
1353
1229
1204
1224
1196
1237
1265
1248
1335
1336
1405
1380
1326
1449
1301
1297
1265
1303
1361
1603
1280
1259
1365
1292
1228
1247
1239
1278
1269
1208
1249
1366
1332
1392
1447
1294
1479
1476
1324
1341
1341
1295
1366
1323
1240
1226
1449
1248
1279
1312
1287
1253
1364
1285
1310
1319
1275
1647
1244
1218
1278
1342
1312
1323
1293
1295
1331
1464
1352
1266
1336
1295
1416
1501
1577
1394
1195
1308
1286
1292
1209
1295
1479
1413
1843
1418
1239
1299
1345
1343
1276
1311
1281
1639
1698
1434
1902
1785
1692
2033
1281
1162
1125
1057
1219
1403
1449
1696
1692
1752
1736
1186
1314
1240
1094
1165
1132
1120
1131
1146
1130
1379
1557
1864
1315
1132
1177
1166
1274
1285
1565
1440
1322
1357
1368
1267
1371
1388
1328
1427
1335
1394
1274
1320
1302
1262
1315
1290
1246
1299
1262
1218
1235
1223
1190
1295
1325
1259
1369
1402
1342
1254
1306
1198
1172
1315
1395
1385
1222
1588
1471
1237
1279
1334
1288
1300
1308
1306
1390
1596
1290
1347
1308
1344
1281
1305
1278
1187
1192
1273
1264
1228
1190
1266
1242
1262
1306
1281
1291
1330
1405
1340
1412
1331
1433
1294
1359
1666
1606
1323
1371
1224
1331
1292
1255
1265
1239
1284
1322
1370
1275
1400
1350
1362
1329
1228
1272
1352
1326
1294
1320
1312
1366
1282
1306
1305
1330
1292
1360
1334
1350
1492
1288
1290
1318
1324
1691
1303
1242
1436
1345
1327
1300
1424
1327
1480
1400
1417
1323
1376
1394
1363
1334
1411
1591
1458
1347
1384
1364
1422
1431
1265
1326
1273
1347
1343
1338
1411
1327
1400
1385
1390
1473
1909
1520
1575
1480
1452
1377
1381
1408
1411
1459
1306
1277
1245
1261
1213
1318
1460
1388
1511
1433
1327
1526
1397
1386
1446
1470
1353
1363
1339
1429
1509
1452
1425
1345
1415
1466
1745
1339
1400
1396
1470
1343
1530
1745
1525
1470
1428
1504
1361
1320
1316
1373
1346
1336
1248
1360
1429
1292
1400
1361
1426
1442
1465
1471
1439
1382
1315
1339
1353
1373
1488
1792
1482
1372
1401
1513
1436
1334
1389
1476
1450
1586
1354
1424
1426
1422
1458
1319
1421
1396
1404
1739
1618
1655
1555
1507
1682
1751
1496
1517
1429
1533
1461
1490
1661
1533
1299
1325
1343
1392
1329
1456
1542
1582
1446
1529
1445
1594
1617
1452
1442
1428
1413
1373
1391
1411
1386
1270
1260
1463
1400
1253
1339
1375
1605
1393
1284
1453
1365
1552
1768
1315
1419
1414
1460
1357
1316
1386
1405
1341
1563
1373
1375
1394
1317
1376
1582
1395
1366
1407
1349
1386
1462
1434
1388
1392
1420
1366
1602
1349
1363
1488
1527
1935
1559
1704
1730
1448
1501
1780
1715
1348
1381
1681
1696
1740
1909
2109
2291
2194
1410
1320
1410
1312
1438
1399
1390
1394
1367
1491
1401
1389
1464
1403
1443
1485
1472
1774
1498
1374
1499
1399
1413
1445
1340
1442
1429
1590
1474
1435
1423
1476
1442
1405
1390
1310
1430
1408
1399
1560
1396
1482
1553
1441
1485
1290
1428
1440
1330
1386
1408
1615
1752
1419
1350
1444
1495
1501
1522
1432
1520
1469
1525
1547
1430
1503
1440
1434
1401
1385
1413
1457
1376
1416
1402
1419
1374
1337
1303
1305
1340
1305
1313
1325
1373
1319
1346
1641
1524
1410
1374
1492
1458
1461
1442
1361
1343
1416
1421
1447
1349
1457
1425
1374
1401
1417
1314
1518
1598
1581
1417
1506
1402
1344
1400
1428
1686
1407
1467
1424
1322
1399
1401
1746
1367
1360
1571
1469
1468
1369
1438
1521
1756
1363
1312
1363
1328
1285
1335
1345
1293
1439
1317
1296
1366
1511
1450
1479
1483
1533
1443
1508
1471
1480
1518
1457
1413
1669
1702
1563
1384
1450
1402
1316
1361
1328
1761
1426
1396
1388
1535
1551
1469
1510
1502
1574
1562
1477
1551
1474
1423
1485
1460
1458
1563
1654
1602
1420
1554
1560
1503
1870
1583
1426
1471
1450
1501
1395
1533
1440
1426
1392
1609
1582
1457
1503
1581
1586
1678
1483
1517
1452
1422
1343
1405
1542
1506
1499
1460
1445
1485
1529
1619
1563
1359
1847
1601
1541
1568
1411
1382
1397
1372
1399
1372
1343
1419
1416
1389
1482
1338
1471
1671
1519
1524
1451
1558
1478
1536
1461
1505
1528
1386
1499
1488
1424
1564
1563
1445
1752
1605
1656
1593
1600
1465
1485
1452
1443
1466
1455
1460
1493
1468
1463
1456
1425
1542
1464
1449
1503
1459
1532
1440
1393
1468
1476
1567
1538
1430
1438
1464
1431
1463
1678
1755
1450
1566
1522
1519
1598
1612
1544
1536
1579
1430
1517
1562
1624
1629
1417
1534
1512
1455
1393
1347
1389
1400
1500
1684
1687
2054
2058
2269
1795
1245
1958
1755
2245
1454
1553
1638
1481
1666
1920
2312
2489
2331
2366
1551
1367
1665
2216
1959
2221
1566
1962
2090
1744
2305
1531
1855
1612
2003
1861
1857
1583
1649
1632
1631
1559
1909
2362
2076
2013
1697
1394
1566
1502
1554
1414
1497
1504
1500
1541
1524
1500
1540
1519
1594
1587
1542
1513
1635
1801
1773
1565
1688
1703
1564
1564
1589
1479
1585
1601
1656
1819
1651
1535
1496
1588
1705
1619
1588
1493
1480
1588
1477
1541
1464
1554
1448
1569
1427
1579
1521
1786
1776
1551
1570
1496
1489
1464
1509
1522
1476
1479
1494
1405
1556
1538
1538
1520
1548
1511
1417
1513
1527
1572
1672
1592
1528
1561
1565
1547
1552
1542
1684
1603
1969
1512
1574
1538
1390
1391
1450
1429
1538
1502
1410
1482
1485
1472
1541
1531
1506
1622
1497
1577
1538
1519
1534
1516
1516
1419
1579
1625
1594
1622
1611
1631
1646
1985
1626
1574
1480
1546
1503
1719
1615
1539
1577
1651
1579
1598
1695
1643
1631
1614
1570
1560
1575
1574
1614
1441
1535
1626
1422
1528
1501
1428
1625
1730
1679
2086
1566
1499
1485
1518
1598
1449
1447
1587
1534
1544
1516
1505
1517
1626
1681
1623
1532
1580
1487
1452
1567
1537
1585
1642
1648
1534
1538
1524
1585
1602
1553
1922
1702
1736
1711
1729
1519
1563
1582
1581
1653
1729
1582
1548
1564
1605
1587
1549
1617
1483
1585
1600
1535
1568
1527
1682
1634
1569
1537
1576
1630
1507
1996
1601
1517
1610
1469
1557
1742
1674
1630
1596
1544
1685
1463
1637
1593
1566
1580
1523
1622
1653
1486
1462
1521
1567
1622
1539
1656
1714
1589
1650
1593
1497
2047
1679
1621
1668
1534
1548
1595
1638
1657
1541
1662
1657
1713
1568
1633
1717
1583
1569
1667
2086
2273
1551
1479
1551
1488
1589
1557
1535
1675
1509
1901
1866
2202
1802
1331
1510
2023
1510
1428
1450
1532
1444
1510
1519
1637
1632
2092
1868
2264
2124
1477
1472
1501
1891
2232
2090
1573
1511
1642
1625
1935
1708
1596
1615
1475
1614
1604
1531
1550
1586
1543
1554
1606
1597
1602
1578
1548
1579
1599
1660
1562
1964
1639
1545
1557
1603
1616
1564
1512
1653
1571
1974
1603
1629
1775
1549
1554
1436
1504
1546
1562
1709
1540
1556
1557
1638
1607
1556
1460
1455
1500
1505
1531
1473
1414
1601
1598
1699
1538
1607
1578
1503
1520
1924
1712
1686
1606
1601
1598
1651
1668
1668
1727
1641
1619
1605
1478
1554
1519
1616
1615
1608
1566
1540
1528
1668
1625
1638
1624
1716
1799
1784
1781
1902
1844
1691
1617
1614
1579
1578
1559
1598
1572
1615
1542
1622
1595
1587
1609
1682
1594
1535
1573
1548
1625
1669
1828
1730
1731
1534
1654
1602
1659
1693
1625
2094
1763
1609
1641
1564
1621
1479
1618
1552
1598
1540
1673
1661
1599
1596
1599
1600
1584
1735
1764
1812
1616
1740
1764
1556
1621
2006
1860
1852
1906
2116
1768
1752
1849
1712
2224
1933
1528
1483
1531
1568
1839
1742
1410
1447
1409
1851
1514
1679
2215
1925
2204
1632
1548
1484
1804
1902
2018
1799
2463
2182
1499
1559
1777
1834
2327
2176
1850
2069
2410
1551
1480
1431
1578
1719
1633
1866
2309
2315
2338
2637
2939
3195
2716
2803
2775
2431
1687
1681
2021
2446
2483
2510
2225
1401
1344
1442
1436
1460
1438
1666
1664
1501
2004
2385
2310
2496
2498
1748
1793
1696
1489
1548
1572
1558
1551
1623
1593
1543
1541
1629
1833
1835
2006
1901
1807
1691
1804
1654
1798
1763
1498
1851
1852
1465
1408
1495
1539
1433
1404
2077
1362
1452
1571
1447
1729
2331
2529
2502
1743
1422
1517
1551
1602
1577
1548
1499
1599
1795
1651
1659
1661
1687
1872
1673
1634
1566
1604
1509
1545
1895
1616
1656
1674
1666
1643
1679
1564
1555
1636
1580
1564
1613
1599
1695
1839
1566
1957
1594
1614
1709
1531
1597
1953
2249
1714
1646
1683
1592
1665
1913
1615
1612
1598
1608
1630
1572
1631
1601
1615
1673
1600
1668
1630
1676
1571
1579
1517
1578
1540
1627
1599
1545
1549
1673
1609
1640
1671
1675
1691
1955
1854
1631
1636
1511
1583
1545
1539
1603
1572
1610
1626
1673
1644
1767
1668
1590
1584
1536
1609
1600
1587
1576
1587
1647
1736
1743
1594
1618
1800
1587
1756
1995
1704
1683
1712
1718
1713
1731
1695
1657
1690
1629
1591
1585
1676
1609
1727
1788
1828
1909
1689
1680
1691
1609
1731
1654
1632
1619
1624
1563
1576
2098
1592
1694
1820
1686
1745
1699
1629
1636
1595
1604
1651
1590
1643
1556
1666
1595
1629
1632
1698
1621
1632
1604
1759
1694
1751
1790
1703
1715
1600
1597
2103
1682
1684
1645
1686
1622
1610
1651
1728
1793
1596
1691
1751
1722
1578
1709
1669
1703
1752
1659
1579
1612
1585
1611
1608
1635
1580
1589
1606
1739
2111
1667
1614
1748
1697
1705
1663
1693
1792
1658
1697
1796
1767
1730
1670
1736
1674
1734
1675
1626
1745
1782
1734
1664
1666
1653
1622
1654
1623
1645
2002
1630
1746
1697
1755
1744
1729
1933
2217
2635
2596
1728
1892
2479
2924
1946
1673
1608
1665
1564
1608
1631
1612
1650
1614
1723
1712
2113
1697
1780
1727
1820
1789
1636
1776
1779
1764
1744
1755
1834
1774
1779
1727
1785
1740
1764
1926
1867
1744
1659
1695
1739
1642
1695
1698
1774
2145
1697
1732
1787
1813
1705
1764
1780
1713
1744
1796
1772
1778
1764
1837
1860
1763
1681
1642
1760
1656
1884
1895
1827
1764
1815
1820
1769
2036
2146
1812
1752
1843
1940
1832
1705
1812
1780
1651
1755
1840
1733
1684
1784
1759
1684
1932
1763
1680
1808
1752
1767
1855
1928
1758
1810
2087
1926
1727
1797
1759
1631
1717
1725
1659
1701
1793
1676
1685
1791
1762
2056
1798
1760
1742
1805
1779
1696
1830
1791
1757
1811
1758
1737
1908
2002
1834
1850
1885
1807
1831
1688
1639
1812
1738
1757
1769
1707
1785
1777
1635
1712
1856
1724
1742
1757
1747
1758
1746
1686
1634
1696
1702
1726
2055
1734
1780
1820
1876
1860
1808
1662
1723
1643
1725
1795
1787
1821
1840
1822
1795
1805
1870
1742
1758
1762
1734
1789
1870
1770
1756
1796
2118
1851
1829
1767
1790
1685
1716
1737
1902
1839
1865
1845
1778
1708
1872
1879
1906
1746
1666
1675
1651
1697
1655
1708
1714
1770
1699
1662
1777
2046
1855
1789
1791
1900
1936
1794
1773
1782
1728
1976
1882
1839
1786
1813
1841
1785
1773
1750
1860
1749
1862
2049
1885
1796
1939
1804
2283
1805
1898
1862
1721
1692
1670
1730
1659
1662
1752
1764
1805
1917
2085
2069
1852
1737
1713
1746
1767
1734
1796
1806
1823
1867
1925
1777
1980
1836
1814
1721
1782
1825
1749
1850
1813
1739
1726
1703
1676
1826
1717
1760
1750
1756
1837
1896
1719
1845
1910
1826
1879
1896
1828
1814
2108
2038
1958
1835
1861
2185
2688
2442
2307
1549
1560
1525
1559
1761
1553
1538
1576
1548
1457
1643
1566
1570
1761
1625
1581
1598
1580
1593
2206
2025
2530
1729
1732
1731
1741
1718
1795
1812
1808
1763
1851
1715
1778
1716
1688
1695
1688
1661
1675
1752
1733
1639
1841
1725
1965
1750
2793
2592
1947
1908
2040
2309
1593
1655
1521
1586
1513
1516
1577
1549
1902
2233
1995
1598
1620
1766
1740
1752
1777
1752
1756
1738
1791
1792
1802
2065
2019
2199
1891
1791
1909
1895
2017
2838
5256
2729
2957
2225
1990
1768
1732
1737
2054
2754
1920
1655
1583
1910
2129
2509
1753
2023
1962
1945
1824
1862
1840
1839
1833
1989
1821
1937
1932
1780
2149
1808
1798
1913
1843
1904
1870
1948
2014
1885
1895
1890
1975
1908
1749
1779
1798
1733
1881
1957
1931
1910
1837
1710
1809
1830
1809
2001
2065
1857
1827
1929
1831
1862
1906
1864
1912
1836
1919
1894
1724
1762
1850
1852
1696
1784
1752
1786
2026
2118
1906
1938
1944
1948
2271
1850
1893
1921
1905
1944
1867
1823
1890
1887
1748
2023
1921
1990
1893
1887
1937
1794
1763
1763
1828
1840
1891
1987
1969
2016
1933
2688
2000
1882
1887
1969
1948
1794
1944
1851
1846
1708
1909
1940
1949
1930
1937
1905
1925
1929
1990
2001
1951
1795
1848
1809
1775
2423
1881
1787
1805
1867
1823
1826
1894
1798
1789
1832
1820
1817
1826
1818
1876
1826
1966
1891
1882
1840
1960
1855
1879
1857
1878
2274
2151
2006
2652
2078
2235
2379
2128
2012
1980
2101
1992
1910
2591
3488
3665
3308
2369
2473
2124
2127
2062
1978
2251
2009
2017
1909
2138
2312
2240
2083
1935
1897
2024
1934
1986
2032
1941
1932
1937
2168
1945
1900
1904
2012
1902
1935
1831
2297
1891
1927
1914
1865
1902
1900
1898
1886
1842
1917
2059
2003
2011
1878
1965
1925
1908
1865
1977
1869
1901
1949
1851
1896
1946
2159
2042
1934
1943
1833
2002
1942
1913
1905
1886
1862
1844
1832
1963
2121
2038
1987
1853
1920
1876
1846
1809
1794
1798
1780
1846
2149
2204
1947
1910
2019
1960
1871
1899
1915
1938
1956
1827
1887
2020
1906
1901
1919
1861
1908
2065
2028
2007
2005
1974
1918
1929
2435
1895
1942
1957
1946
2026
1954
2012
2049
1892
1953
1896
1991
1963
1905
1818
1789
1897
1921
1953
1943
2128
2020
2071
2012
1869
2435
1950
2090
1938
2043
1997
1907
1992
1839
1979
2004
2063
1970
1997
1910
1887
2000
2010
1829
1893
1932
1982
2030
1952
2090
1838
2493
1905
1949
1915
1931
1885
2109
1940
1950
1898
1819
1969
1965
2132
2046
1930
1994
1916
1863
1864
1913
1880
2100
2015
1975
1961
2473
1943
2030
2138
2064
1925
2032
1908
1884
1903
1925
1859
1912
1839
1948
1826
1894
2097
1944
1920
1936
1961
1864
1915
1933
1897
2349
2017
1938
2102
2113
2031
2026
1962
1880
1984
1968
1905
2039
1939
1955
2041
2044
1896
1804
1870
1968
1809
1932
1879
1888
1961
2549
2059
2051
2037
2009
1945
1959
1971
1931
1953
1985
1992
2111
2012
2442
2073
1912
1999
2085
1980
1992
1992
1998
1996
1951
2303
2005
2083
2047
1977
1939
2014
2246
1964
2198
2069
2110
2097
1966
1992
2006
2068
2018
2014
2061
1982
2065
1932
2032
2111
2571
2025
2044
1943
1832
1916
1957
1934
1971
2025
2057
2008
1878
2211
2142
2018
2058
1972
1906
1889
1908
1876
1872
1906
1952
2326
2090
2068
1956
2015
1995
1895
1925
2032
1966
1947
2074
2026
2020
1953
1945
2046
1999
2084
2038
2038
2090
2088
2355
2111
2222
1936
1974
2014
2132
2035
1994
2007
1970
1927
1973
1902
1904
1969
2118
2110
1924
1986
2031
2029
2491
2071
2059
2056
2014
2502
2037
2175
2009
1990
1901
1940
1918
1998
1999
1925
1936
2159
2108
2014
2229
2028
1976
1885
1971
1901
1881
2088
2027
2039
2696
2526
2112
2055
2469
2187
2012
2025
2037
1955
1915
2065
1969
1902
1924
1961
1946
1950
1983
1936
1981
1897
1853
1907
1976
2473
2055
2181
2091
2146
2090
2025
1998
1951
1907
1929
1920
2016
2055
2090
2056
2384
2047
2003
1961
1968
1967
2006
2125
2170
2586
2150
2208
2319
2466
2079
2044
1990
1994
1988
2179
2158
2008
2032
2001
1923
1967
1996
2014
1987
1976
1906
1874
1915
2292
2030
2108
2136
2047
2035
1896
2007
1975
2194
2038
2014
2087
2029
1958
1955
1888
2051
2026
1991
2013
2042
2018
2039
2055
2539
2047
2409
3113
2256
3171
2154
2235
1982
2118
2300
1986
2020
1928
1941
1940
1901
1900
1929
1887
1965
1990
2053
2442
2116
1997
2117
2106
2024
2158
2293
2197
1759
1663
1782
1805
1729
1733
1962
1827
2084
2702
1802
1755
1799
1913
1894
1974
2515
2176
2253
1975
2042
1885
1917
1953
1954
1988
2032
2006
2200
2077
2014
2195
2043
2083
2196
2093
1956
2008
1910
2009
1893
2418
2100
1969
1944
1943
1968
1936
1881
1909
1929
1972
2000
1872
1953
1926
1947
1969
2003
2031
1932
1997
2063
2096
2162
1976
2002
2470
2060
2057
2002
1929
2046
2089
2005
1970
1987
2040
2106
2189
1934
1997
1989
1935
1982
1963
2045
2055
2031
2088
2129
2122
2477
2115
2103
2150
2060
2113
2056
1928
1983
1955
1959
2080
2149
2169
2128
2101
2010
1950
1905
2044
2020
2118
2099
2116
1981
2418
2221
2104
2146
2169
1941
2133
2130
2138
2311
2207
2096
2145
2024
2170
1937
2039
1909
2084
2152
2104
2099
2038
2141
2471
2063
2097
2054
2122
2164
2069
2060
2189
1942
2265
2222
2168
2158
2060
2092
2018
1965
1959
1928
1986
1961
2004
2010
2405
2039
2044
2060
2041
1991
1908
2137
2023
2324
2085
2198
2054
2009
2032
1965
1961
1996
1985
2179
2095
2154
2063
2256
2456
2317
2076
2125
2119
1973
1985
1976
1963
2009
1975
2151
2139
2071
2076
2061
2117
2008
2005
2130
2084
2111
1987
2128
2710
2914
1936
1870
1758
1792
1767
1735
1765
1853
2121
2788
1857
1858
1990
1975
2227
2151
2048
2041
2031
1976
2094
2131
2063
2351
2285
2219
2173
2648
2916
2884
1870
2517
2887
1968
2035
2020
2098
1980
2078
2084
2158
2288
2130
2113
1996
2029
2031
2471
2086
2148
2116
2072
2060
2095
1992
1975
2057
2016
2115
2155
2222
2072
2120
2060
2172
2123
2358
2180
2169
2401
2278
2510
2239
2236
2178
2540
2297
2584
2104
2431
2702
1805
1822
1773
2003
2789
2121
2066
2062
2374
2955
2536
2021
2544
2677
2530
1867
1918
2095
2013
2088
2018
2017
2092
1954
1961
2050
2052
2006
2040
1969
2045
2067
2008
2040
1957
2016
2046
2486
2191
2065
2223
2112
2134
2037
2035
2041
2158
2088
2106
2157
2046
1989
2032
2024
2040
1972
2171
2214
2145
2079
2128
2367
2081
2308
2228
2298
2098
2192
2199
2216
2087
2159
2075
2043
1969
2221
2158
2218
2263
2258
2146
2084
2117
2129
2413
2114
2146
2184
2136
2285
2135
2237
2190
2133
2161
2076
2089
2193
2067
2079
2182
2077
2135
2241
2212
2117
2178
2529
2401
2157
2033
2368
2126
2101
2068
2132
2103
2215
2205
2155
2110
2188
2166
2032
2006
1989
1996
1991
2066
2086
2043
1977
2413
2176
2166
2078
2133
2132
2081
2024
2183
2151
2224
2192
2266
2282
2262
2116
2101
2335
2165
2161
2127
2107
2134
2117
2398
2393
2217
2121
2185
2319
2166
2067
2067
2144
2053
2087
2095
2022
2249
2176
2314
2280
2112
2078
2063
2061
2056
2661
2152
2208
2151
2101
2055
2004
2038
2085
2044
2148
2240
2190
2301
2255
2143
2124
2083
2250
2272
2233
2100
2116
2123
2558
2189
2217
2172
2143
2134
2181
2166
2117
2196
2127
2043
2085
2061
2015
2038
2036
2070
2247
2176
2438
2265
2124
2467
2235
2120
2144
2228
2176
2469
2136
2243
2203
2159
2284
2179
2248
2048
2114
2076
2132
2060
2075
2408
2101
2165
2639
2432
2266
2255
2177
2188
2227
2191
2048
2071
2117
2076
2121
2043
2085
2121
2065
2062
2003
2065
2166
2194
2220
2447
2356
2204
2167
2227
2287
2222
2179
2262
2134
2193
2190
2230
2161
2184
2339
2269
2238
2259
2109
2095
2136
2140
2555
2451
2093
2236
2085
2055
2246
2157
2368
2206
2332
2179
2136
2132
2226
2239
2430
2341
2188
2106
2191
2248
2175
2534
2376
2288
2234
2226
2222
2266
2203
2090
2343
2223
2161
2215
2218
2237
2122
2096
2012
2231
2330
2274
2131
2072
2414
2490
2216
2228
2152
2200
2204
2188
2151
2174
2233
2310
2303
2245
2142
2194
2211
2189
2242
2096
2109
2113
2108
2132
2443
2269
2299
2251
2202
2173
2113
2138
2141
2183
2202
2108
2152
2362
2334
2290
2255
2192
2249
2216
2214
2346
2565
2319
2276
2112
2201
2214
4534
4156
2685
2212
2517
2446
2398
3229
2249
2205
2192
2511
1957
1916
2051
2657
3040
2212
2160
1985
1944
2108
2147
2180
2167
2260
2220
2292
2188
2070
2151
2147
2167
2067
2297
2350
2310
2612
2429
2219
2189
2164
2157
2215
2198
2133
2191
2345
2239
2280
2284
2225
2248
2192
2105
2078
2112
2210
2135
2141
2504
2432
2538
2180
2282
2315
2378
3115
3033
3215
2383
2039
2029
2138
2152
2149
2237
2285
2248
2416
2269
2559
2359
2494
2280
2405
2247
2179
2189
2147
2200
2312
2342
2315
2429
2290
2283
2172
2207
2172
2274
2388
2234
2691
2369
2289
2297
2288
2311
2346
2407
2378
2387
2434
2306
2290
2372
2348
2921
3148
3121
3236
3306
2616
3236
2381
2359
3477
3495
2324
2553
2373
2599
2568
2551
2709
3246
2916
3917
3788
3874
3461
2277
2238
2624
2530
2702
2406
2486
2743
3997
4126
3977
4134
4065
3214
3152
3932
2565
2056
2148
2043
1937
2402
2396
3321
2230
2320
2273
2243
2511
2330
2351
2676
2476
2603
2517
2381
2644
2347
2310
2297
2413
2364
2444
2476
2347
2460
2545
2394
2259
2308
2265
2646
2682
2453
2473
2346
2370
2612
2434
2348
2246
2346
2217
2166
2334
2448
2455
2438
2455
2219
2170
2229
2205
2235
2185
2265
2380
2424
2522
2874
2438
2344
2257
2390
2327
2401
2320
2311
2353
2306
2233
2174
2216
2228
2418
2400
2399
2405
2328
2524
2352
2923
2280
2455
2338
2146
2246
2312
2322
2292
2334
2359
2381
2436
2405
2370
2348
2170
2227
2251
2311
2345
2483
2946
2653
2396
2356
2403
2245
2222
2203
2256
2257
2325
2244
2322
2352
2577
2304
2155
2341
2258
2443
2328
2342
2733
2324
2401
2471
2475
2347
2412
2368
2314
2156
2207
2216
2260
2311
2230
2214
2222
2276
2347
2399
2475
2382
2784
2468
2489
2576
2365
2591
2442
2560
2301
2269
2238
2247
2524
2372
2315
2252
2300
2514
2400
2523
2384
2808
2255
2418
2237
2281
2243
2276
2315
2430
2478
2251
2597
2413
2307
2175
2299
2237
2248
2212
2272
2274
2303
2689
2313
2376
2411
2436
2473
2497
2262
2254
2290
2302
2852
2524
2330
2308
2382
2289
2329
2450
2593
2489
2992
2303
2392
2308
2318
2352
2271
2288
2307
2278
2248
2417
2346
2460
2605
2517
2530
2279
2415
2267
2294
2796
2341
2406
2410
2312
2462
2486
2454
2464
2435
2306
2343
2464
2395
2467
2435
2613
2524
2473
2507
2252
2889
2445
2394
2388
2304
2240
2254
2216
2416
2451
2403
2368
2311
2239
2266
2425
2339
2413
2440
2520
2490
2898
2537
2501
2377
2436
2422
2468
2389
2321
2350
2381
2430
2504
2455
2349
2284
2328
2256
2283
2322
2349
2771
2487
2389
2293
2405
2538
2773
2462
2461
2509
2463
2243
2195
2372
2224
2247
2268
2324
2315
2436
2553
2969
2440
2499
2639
2508
2468
2361
2351
2327
2610
2331
2184
2461
2423
2488
2549
2491
2460
2533
2561
2432
2906
2472
2433
2260
2233
2377
2231
2354
2270
2280
2325
2440
2383
2217
2263
2232
2368
2313
2267
2238
2459
2491
3003
2415
2606
2575
2354
2429
2323
2479
2464
2562
2532
2428
2336
2351
2464
2479
2464
2447
2477
2451
2445
2842
2369
2511
2298
2371
2501
2404
2532
2433
2519
2538
2581
2476
2395
2523
2421
2400
2489
2587
2433
2413
2770
2315
2467
2514
2434
2392
2331
2520
2424
2457
2534
2479
2511
2581
2449
2406
2434
2501
2409
2344
2424
2837
2365
2369
2438
2590
2992
2593
2258
2303
2359
2550
2515
2532
2239
2568
2604
2537
2442
2550
2351
2555
3123
2433
2458
2358
2374
2445
2513
2731
2432
2921
2555
2456
2899
2565
2659
2495
2646
2995
3753
3002
3595
2773
2362
2349
2483
2442
2492
2452
2368
2421
2411
2334
2363
2462
2354
2408
2398
2634
2492
2359
2777
2483
2482
2553
2463
2441
2299
2306
2345
2396
2382
2315
2489
2414
2286
2349
2315
2354
2356
2338
2330
2908
2434
2379
2574
2395
2272
2285
2331
2313
2366
2309
2411
2310
2304
2469
2583
2471
2401
2408
2356
2296
2857
2580
2600
2618
2483
2353
2517
2509
2457
2385
2369
2382
2358
2393
2321
2403
2315
2301
2255
2349
2377
2711
2458
2540
2407
2381
2604
2521
2427
2413
2460
2538
3011
2489
2456
2530
2467
2416
2355
2399
2532
2725
2901
2631
2448
2504
2347
2353
2430
2717
2496
2422
2381
2529
2452
2456
2353
2254
2243
2416
2399
2534
2403
2952
2432
2454
2428
2391
2334
2283
2375
2483
2686
2587
2480
2481
2445
2453
2407
2399
2446
2467
2683
2417
3010
2518
2531
2402
2469
2511
2485
2371
2326
2355
2441
2437
2489
2434
2496
2438
2385
2308
2445
2509
2541
2917
2498
2376
2428
2353
2410
2427
2411
2525
2576
2705
2419
2420
2575
2561
2665
2456
2384
2408
2530
3096
2482
2518
2427
2464
2406
2525
2563
2533
2716
2571
2477
2420
2347
2440
2520
2518
2774
2587
2599
2875
2536
2482
2370
2401
2379
2377
2422
2378
2436
2390
2410
2353
2444
2290
2378
2412
2425
2339
2398
2689
3052
2421
2415
2385
2378
2366
2693
2487
2543
2502
2543
2424
2380
2448
2478
2599
2486
2377
2284
2589
2899
2759
2616
2448
2545
2367
2459
2493
2465
2460
2322
2369
2415
2357
2379
2369
2413
2468
2497
2681
2523
2973
2863
2387
2675
2510
2731
3579
2511
2415
2416
2360
2602
2541
2581
2595
2455
2376
2309
2367
2924
2407
2712
2561
2498
2552
2442
2441
2743
2569
2556
2439
2479
2673
2788
2076
2326
3417
2605
2719
2929
2378
2572
2164
2282
2227
2442
3096
3050
2711
3265
2557
2439
2200
2573
2209
2256
2499
2268
2688
2238
2228
2238
2358
2185
2260
2179
2217
2265
2217
2165
2185
2125
2455
2326
3195
2540
2227
2213
2367
2376
2897
2748
2535
2431
2446
2571
3378
3543
2442
2522
3095
2775
2323
2486
3250
4004
2780
2670
2858
3135
2661
2654
2687
2751
2630
2588
2521
2414
2512
2471
2481
2567
2575
2526
2664
2798
2690
2820
2848
2675
2434
2457
2397
2512
2584
2536
2670
2646
2599
2664
2599
2531
2689
2499
2536
2584
2801
2705
3031
2726
2807
2598
2646
2639
2599
2629
2485
2538
2467
2422
2566
2471
2480
2507
2513
2560
2537
2519
3108
2678
2547
2589
2470
2401
2516
2427
2609
2491
2532
2493
2411
2617
2580
2629
2691
2611
2491
2819
3113
2518
2880
2776
2819
2742
2644
2637
2597
2530
2571
2571
2665
2667
2487
2539
2642
2603
2623
3116
2685
2535
2491
2472
2565
2628
2808
2709
2625
2547
2487
2564
2559
2561
2591
2602
2588
2680
2655
2996
2722
3174
3053
3118
3013
3186
3345
3756
2403
3273
3112
2592
2324
2415
2430
2264
2667
2897
3015
3720
2619
2188
2164
2210
2162
2658
3059
3517
2656
2372
2326
2240
2250
2478
3368
2909
2767
2680
2526
2558
2482
2573
2452
2595
2625
2703
2641
2725
2653
2617
2645
2760
2757
2646
2697
2963
2632
2753
2713
2640
2483
2548
2465
2489
2408
2513
2517
2640
2597
2883
2664
2679
2655
2707
3137
2653
2666
2628
2659
2593
2568
2521
2551
2659
2607
2745
2942
2549
2748
2628
2811
2563
2641
3127
2782
2636
2637
2634
2649
2563
2604
2584
2645
2555
2633
2753
2532
2589
2564
2524
2620
2570
3036
2866
2642
2679
2639
2709
2913
2621
2693
2708
2762
2900
2758
2640
2947
3060
3543
2813
3410
3914
2738
2764
2621
2694
2680
2708
2549
2642
2633
2827
2548
2647
2552
2672
2723
2713
2858
3121
2695
2559
2528
2738
2680
2709
2652
2876
2548
2700
2632
2616
2706
2828
2802
2724
2682
2824
2944
2608
2617
2543
2584
2699
2728
2756
2732
2686
2682
2637
2693
2670
2641
2751
2624
2874
2930
3018
2833
2847
2729
2660
2632
2781
2625
2855
2816
2670
2780
2632
2573
2705
2704
2551
2746
2871
3009
2665
2601
2707
2842
2905
2566
2607
2608
2590
2866
2800
2737
2717
2603
2656
2614
2564
2494
3114
2741
2667
2658
2611
2547
2676
2554
2650
2572
2774
2611
2636
2912
2605
2782
2767
2951
3050
2913
2756
2759
2552
2619
2600
2627
2540
2539
2684
2650
2726
2670
2612
2753
2744
2715
2703
2681
3161
2836
2683
2977
3295
2570
2882
2796
2606
2807
2611
2625
2677
2725
2773
2755
2767
2988
3002
2720
2694
2705
2727
2694
2788
2687
2667
2751
2611
2683
2725
2801
2794
2760
2793
2829
2964
3029
2926
2702
2588
2647
2539
2722
2843
2890
2851
2732
2575
2719
2697
2576
2598
2800
2517
2583
3165
2672
2982
3013
2944
2756
2654
2638
2602
2768
2816
2754
2768
2634
2656
2660
2672
2654
2834
3129
2724
2772
2663
2960
2686
2766
2852
2756
2804
2796
2634
2772
2563
2663
2611
2629
2656
2787
3161
2882
2603
2598
2813
2949
2813
2674
2892
2659
2659
2722
2695
2673
2675
2740
2691
2686
2552
3057
2781
2761
2787
2669
2894
2805
2774
2879
2694
2712
2643
2771
2646
2659
2749
3032
2690
2762
3258
2779
2668
2731
2627
2682
2784
2782
2707
2742
2810
2838
2901
2773
2614
2647
2556
2663
3179
2699
2788
2830
2968
2779
2839
2823
2846
2641
2690
2581
2842
2729
2704
2758
2715
2804
2681
3102
2696
2753
2756
2777
2715
2712
2602
2749
2657
2662
2732
2789
3115
2927
2758
2771
3120
2998
2708
2816
2557
2658
2812
2742
2836
3060
2893
2722
2712
2571
2600
2668
2710
2873
3313
3014
2614
2784
2716
2809
2705
2791
2828
2683
2832
2799
2711
3074
2771
2651
2659
2757
2671
3299
2877
2701
2827
2784
2745
2781
2744
2633
2675
2599
2708
2849
2601
2657
2654
2502
2706
2539
3230
2783
2924
3097
2999
2692
3265
3256
2723
2774
2732
2691
2739
2644
2725
2631
2741
2739
3073
2685
2880
2789
2628
2930
2909
2874
2793
2869
2857
2996
2721
2774
2628
2721
2722
2741
3263
2846
2978
3288
2891
2928
3071
2891
3103
2881
2867
2974
2968
2930
2787
2873
3086
3051
2964
3213
2932
2878
2880
2853
2820
2730
2758
2803
3110
2781
2792
2655
2829
2705
2830
3202
2678
2669
2757
2682
2698
2751
2723
2798
2761
2994
2842
2947
2886
2835
2904
2849
3110
2997
3345
2949
2919
3051
2818
2707
3062
3128
2719
2842
2726
2737
2918
2754
2705
2863
2881
3097
2810
2801
2647
2695
2600
2709
2740
2757
2698
2788
2761
2778
2825
2734
2738
2820
2981
3442
3115
2830
2789
2946
3029
2863
2894
2835
2762
2742
2667
2663
2704
2690
2694
2705
2774
3079
3105
2867
2849
2739
2815
2796
3239
2899
2811
2931
3047
2830
2851
2817
2808
2923
3035
3165
3057
2838
2789
2681
2859
2709
2926
2960
2953
2748
2648
2688
2666
2651
2641
2712
2678
2764
3199
2783
2799
3013
2879
2867
2799
2845
2780
2921
2724
2747
2731
2842
2799
2892
2959
3018
3075
2897
3168
3054
3125
3040
3062
2967
3028
2832
3361
3263
2909
3058
2891
2917
3187
3300
2930
2826
2723
2676
2758
2721
2951
2842
2903
2938
2800
2745
2988
2890
3126
2841
2793
3196
2811
2897
2693
2660
2954
2779
2785
2870
2900
2822
2836
2731
2829
2931
2669
2744
2661
3294
2812
2845
2779
2752
2782
2805
2843
2826
2874
2743
2874
3042
2921
3012
2786
2672
3140
2902
2971
2906
2928
2736
2917
2779
3000
2781
2771
2631
2736
2695
3070
3048
2992
2799
2959
3030
2854
2883
2949
2826
2628
2720
2802
2849
3000
2924
2849
2857
3087
3005
3255
2992
3270
3090
2955
2834
2892
2854
2798
2843
2901
3003
2795
2754
2744
2879
3069
2820
2905
2950
3153
2932
2939
2811
2713
2726
2793
2812
2691
2727
2838
2817
2748
2786
2806
2712
2712
2637
4594
4161
3436
2891
2843
2999
2957
2761
2918
2780
2796
3106
2904
2928
2774
2755
2792
3498
2865
2770
2873
2947
2769
2888
2792
2816
2864
2732
2836
2806
2879
2680
2788
2690
2824
3370
2884
2914
2932
2783
2796
2825
2895
2763
2805
3174
2887
3063
2984
2979
2894
2948
3067
3206
2823
2856
2896
2936
2817
2859
2897
3123
2845
3039
2864
2889
2739
2839
2721
2790
3112
3351
2906
2948
2725
2830
2766
2823
2722
2846
3170
3004
3027
2970
2935
2865
3004
3026
3343
3080
3123
2861
3072
2971
2826
2723
2709
2766
2893
3000
2968
3019
2858
2798
2789
2872
3119
2839
3034
2944
2813
2736
2843
2858
2806
2996
3012
2857
2928
2956
2978
2954
2887
3249
3097
3040
2914
2799
2891
2814
2844
2952
3127
3073
2975
2888
2906
2897
2856
2892
3113
3269
3053
2757
2848
2857
2861
2830
2748
2931
2832
2824
3042
2884
2803
2841
2814
2918
3355
3063
2865
2850
2851
2912
2874
2997
3110
3128
2929
2993
3073
3069
2906
3203
2944
3451
2856
3039
3091
2929
2874
2909
2702
2850
2814
2786
2820
2838
2704
3166
3011
2883
3306
3053
3077
2914
3007
2946
3000
2797
2847
3033
3139
2846
2942
3064
2934
3052
2853
3083
2962
2914
2977
2819
2840
2941
3177
2966
3123
2891
2890
2807
2839
2766
2860
2886
3229
3066
2852
2860
3121
3226
3047
2866
2892
3098
2978
2934
2940
2831
3028
3000
2981
3701
2946
2985
2971
2875
2821
2886
2906
2801
2772
2910
2959
2842
3142
3051
2950
2887
3195
3159
3039
2940
2866
2884
2894
3028
3125
3054
2918
2972
2792
3074
3153
2920
2802
3115
2937
2901
2875
2904
2888
2971
3033
3000
2873
2806
2877
2824
2960
2776
2883
2977
3071
3399
3086
2933
3030
3003
3015
2897
3060
3057
3133
3043
2985
2847
2910
3032
2944
2882
3799
3156
2875
2948
2949
2867
2928
2795
2842
2787
2832
2834
2895
2888
2835
2830
2901
3143
3082
3274
3125
2994
2895
2876
3020
3096
3066
3394
3054
2818
2827
2824
3030
3165
3564
3090
3103
3007
2975
3131
2969
2992
3052
2926
3149
3025
2979
2828
2879
2763
2754
2852
3320
3017
3060
2925
2932
2928
3036
3087
3227
2939
2856
2889
2776
2955
2893
2929
3194
3099
3070
2930
2853
2905
2974
3017
3194
3177
3086
3040
2967
2941
2763
2782
2770
3047
3328
3021
2980
2832
2949
2814
2974
3062
2955
3122
3234
3040
2848
3218
3150
3152
3439
3074
3685
4153
2615
2694
3030
3092
4473
4003
3011
3128
2971
3075
3059
3000
3213
3003
2853
2980
3152
3241
3089
2973
2981
2848
2900
2898
2901
2890
3094
3004
2994
3220
3170
3220
3120
3048
3000
3025
3066
3055
3022
3080
2997
3308
3224
3143
2943
3073
3783
3007
3086
3135
3156
3113
2929
3044
3075
2942
2863
2839
2841
2982
2997
3008
2955
3561
3382
3170
3265
2965
2895
3136
3099
3060
2924
2923
2902
3063
2852
3017
3041
3007
3247
3050
3343
