148
314
516
638
569
665
792
1862
948
950
2017
1152
2211
1158
2157
1695
2044
1633
1347
1441
1641
1797
2431
2785
2689
2904
2256
1899
1916
2134
2287
2157
2192
2636
3118
3712
3642
4496
3677
2634
2845
2795
3173
2940
3258
3504
4592
3698
4318
3772
3557
3481
3669
3799
3798
3850
3723
3781
4056
4172
4353
5117
4539
4599
4577
4382
4613
4586
4874
4642
5923
5804
5161
5170
5232
5321
5443
5066
5322
5611
5509
5836
5852
5669
5934
5920
6625
7243
10071
5930
5824
7608
6106
6520
8053
6592
6354
6176
8366
6523
6493
7330
6467
7189
6704
6827
9641
7418
6963
7056
7457
8428
7604
7529
7639
7546
8254
9120
7498
7674
10232
8178
12928
8462
9201
8517
8274
8174
8952
8581
8555
8995
8837
9072
9248
9633
10015
9115
9637
9154
10097
9603
10155
9745
10701
9691
10847
9723
10668
9944
10821
10170
11180
10180
11053
10385
11460
10815
11221
10543
11554
10985
11781
11220
11850
10905
11111
12156
11417
11657
11338
12104
11989
12669
11710
12670
11946
12540
11849
12690
12058
13544
11974
12908
12847
12826
12531
13367
12332
13530
13740
13394
12912
13388
13074
13649
13805
13721
13382
13687
13872
13825
13816
13459
14216
14253
14072
14032
14503
14096
15009
14432
14871
14409
14783
14176
15217
14403
15582
14760
15170
15742
15682
16577
16015
15601
16767
17336
19194
21160
15882
16054
15940
15963
16336
18344
15926
17805
16314
18140
20373
16153
17061
16841
19436
17633
16349
16732
16995
15990
17051
17594
22021
19129
16946
18898
19121
20845
20384
17715
17604
17588
19342
18098
18194
17913
18266
18483
19090
19014
18183
18681
18660
19848
18761
19050
18876
19692
19006
19931
18944
18552
19473
19830
20056
19717
19447
20062
19754
20041
19992
19727
19809
20060
20128
20758
20318
20096
20142
20746
20700
20270
20827
21444
21433
21237
20886
20828
20893
21161
21335
20776
21073
21436
21479
21882
21705
22025
22398
21838
22373
21777
21541
21934
21933
22545
22412
22607
22377
22898
23133
23009
25013
34170
21846
22580
22659
22236
22152
25585
24952
25871
23300
23054
23182
23703
23718
24457
41041
24581
27174
23984
24004
23733
23997
24334
24571
24455
24433
26095
24664
24319
24410
24965
25167
24863
25028
25344
25473
25097
24884
25566
25876
25331
25472
25397
26016
25319
25346
26111
26488
25317
26550
25846
26491
25930
25998
26189
27414
26526
26513
26186
27595
26243
26946
26894
26343
27673
27733
27187
