140
187
211
291
463
477
596
723
494
533
474
572
646
1055
1691
1034
1095
714
818
1278
1452
2198
1422
1784
1160
1575
1839
2259
1318
1297
2643
1898
1877
1941
2239
1499
1568
1305
1411
1676
1444
1780
2072
2359
2100
1728
1672
1336
1516
1354
1863
1740
2011
2331
2204
1884
1803
2517
2554
1862
1873
1948
1821
1683
1900
2045
1936
2084
1934
2073
2106
1976
2161
2196
2283
2178
2217
2334
2123
2213
2117
3014
2583
2714
3179
3710
3215
2602
2374
2503
2335
2396
2466
2379
2420
3123
2888
3505
4204
4081
4390
3484
3106
2902
2945
3061
3268
3404
3212
3064
3376
3219
3057
3262
3372
3338
3360
3478
3482
3483
3680
3469
3580
3515
3761
3598
3696
3502
3644
3797
4154
4911
4358
4706
5274
5054
6598
4410
4670
4372
4394
5015
4602
4910
4190
4726
5114
6386
4883
4602
4373
4577
4885
4892
5672
5422
5483
4676
4466
4494
4700
4726
4967
6973
6407
5713
5835
5728
6105
7526
5002
5908
5130
4959
5167
6168
5860
5439
5252
5043
5123
5471
5182
5107
5136
5966
5429
5142
5288
5893
7218
5252
5547
5603
5539
6401
6586
6717
5608
5654
5728
5687
5745
5701
6166
6047
5645
6326
5974
5936
6079
6104
6071
6002
7187
6801
6187
6275
6156
6255
6108
6173
6173
6452
6305
6457
6329
6538
6453
6785
6637
6541
7146
8068
7648
6551
6632
6728
6726
6831
6931
6853
6805
7632
6959
7096
7117
6953
7559
8095
8024
7723
7141
7193
7448
7389
7338
7621
7261
6954
7416
7404
7211
7569
9049
9579
7952
7544
7776
7528
7618
7363
7762
7671
7765
7639
8157
8192
8084
9249
7912
7963
7826
7838
7643
7844
7953
9885
12996
8226
8076
7968
10038
9553
8358
9113
8643
7887
8064
8071
8419
12001
14071
8925
9322
10487
8442
7638
10909
8569
8389
8067
7989
7665
7934
8016
8088
9773
13332
11501
11751
13257
8821
10408
10372
13277
12554
9437
10615
9495
10064
8605
9097
9334
9979
12548
9711
13422
15239
15041
12088
9616
9514
9345
9565
9546
9415
9680
9898
10275
10735
9802
9922
9901
9911
10011
9595
9546
9930
9854
9737
10220
13293
10239
10117
10109
12122
14318
11822
14406
13913
12681
12495
10574
10722
10471
10502
10617
10920
10441
10612
11798
12999
10961
10761
10541
10830
10850
10533
10699
10778
10892
12721
11422
11489
11308
11124
10637
11105
10953
12121
12212
14236
13646
13482
12054
11156
11686
14930
11621
11576
17294
15820
11797
12006
12213
11753
11277
11396
11355
14510
12791
11964
11523
11265
11518
11570
11900
12269
13004
14145
11918
12179
12503
12849
12483
12928
12340
12317
16412
16305
13668
12863
13413
20105
13669
12272
15859
13270
12852
12595
12573
12816
12844
12683
13724
16473
12572
12637
12656
12251
12502
12462
12808
13932
14754
12918
12681
13151
12616
12853
13439
13699
14134
15696
13730
13684
14015
13539
13468
13399
13253
14990
15001
13543
13465
13205
13503
13538
14388
16597
14013
14663
14178
13508
13436
13869
14045
16274
14107
13934
13739
13499
13990
13825
15461
16401
14503
14110
14661
14481
14302
13866
19547
18265
13017
13549
13437
19691
14768
14193
16685
16769
15867
14174
14591
15065
14867
18019
17339
15641
15264
14696
14874
14904
15780
18092
15285
14592
15464
15122
15630
15177
17994
17039
15899
15608
14894
15148
14917
15455
17118
15812
14801
14883
15569
15993
15772
18874
16920
16147
16121
15803
16202
15245
16850
17824
15945
15547
15871
15903
15539
18766
17111
17015
16654
21145
25407
19008
18636
21889
16113
15549
15644
15675
15877
16097
17714
16233
16111
16097
16327
16446
16210
19263
17313
16474
15858
16055
15886
16282
18457
18611
15944
16451
20700
15368
15513
21986
22209
16466
16650
16542
16623
18068
18874
16694
16904
16652
17086
17171
20653
17127
16868
23395
16722
18118
27624
21075
24452
21417
20702
21581
17430
17577
17276
17404
18038
20338
18009
17808
17486
17800
17531
21668
17425
18434
18195
18526
18374
21231
18400
18216
17672
18399
18274
30417
32880
23348
19221
19176
22080
26307
18185
18820
20936
19230
18544
18594
18351
19149
21845
19649
17995
18130
18474
18778
21793
19008
18521
20109
19206
19656
22689
19607
22600
22034
19612
19243
19361
18744
19564
21945
19245
18857
19102
19248
19508
24764
19730
20318
21936
21200
19216
19130
19415
19405
20453
21386
19858
20499
19891
20512
22487
20005
20725
22562
20173
20891
25519
19086
20655
24507
20342
20752
26505
20543
21531
21564
19579
19508
19447
20340
22115
23148
22842
22267
19156
20752
22515
21285
19983
25686
20500
21022
22427
20080
20946
20334
20620
20497
24126
22304
22628
22253
23573
22705
24213
21570
21762
19281
19517
18881
27250
20924
22355
24207
20955
32067
22049
25753
21687
23900
22386
25122
22945
22118
23937
24292
25683
21729
24706
23310
25175
22237
25639
23708
22087
23274
23276
24298
23278
22768
24889
22519
21358
22343
24624
22970
24491
22855
24995
23736
22813
25563
22805
22453
24609
23025
25116
23449
26562
24215
27625
23416
26701
22346
26164
23885
27739
23356
27061
23433
27218
24319
27289
22037
26139
24179
29027
24210
27447
23010
35609
23422
27970
28897
27062
34322
23904
25574
22115
26229
25270
28368
24892
27969
24488
29368
24870
28895
23648
27263
24296
23944
27612
24029
23515
25807
24580
24446
25359
55017
41367
36799
31456
26158
28169
39751
25657
24139
27885
24780
25700
27489
24573
28488
25047
29119
24666
28928
26326
31628
26946
30117
24852
29275
24880
28575
25129
28666
25804
29213
24988
30300
24800
36537
26259
31498
26069
28900
27655
28645
27343
29910
23706
34316
27680
28001
31208
25415
28674
25887
27967
25613
28370
25118
29162
25471
31754
24270
33868
26063
30338
26257
30072
26396
29682
27081
29652
26413
30234
25768
30793
26087
29422
27552
32107
27611
28955
25794
29872
26637
30188
26985
30106
27192
31060
27172
32806
28335
29918
27154
31410
28751
31441
27442
30021
26963
31250
27795
31341
26636
29944
27214
30081
26636
30304
27028
31327
27461
31266
32098
28876
31020
31454
39806
50661
53942
40930
28633
29652
31373
30415
35823
33235
28943
28185
31817
29931
31826
28523
31242
28277
31484
28412
31187
28731
55902
